Date,Argentina,Bolivia,Brazil,India,Indonesia,Mexico,Philippines,Singapore,Thailand,Venezuela
2002-12-29,,0.101,0.073,0.062,0.101,,,0.059,,
2003-01-05,,0.143,0.098,0.047,0.039,,,0.059,,
2003-01-12,,0.176,0.119,0.051,0.059,0.071,,0.238,,
2003-01-19,,0.173,0.170,0.032,0.039,0.052,,0.175,,
2003-01-26,,0.146,0.138,0.040,0.112,0.048,,0.164,,
2003-02-02,,0.160,0.202,0.038,0.049,0.041,,0.163,,
2003-02-09,,0.225,0.179,0.019,0.060,0.042,,0.150,,
2003-02-16,0.046,0.109,0.239,0.008,0.039,0.049,,0.144,,0.139
2003-02-23,0.048,0.147,0.205,0.022,0.078,0.054,,0.142,,0.137
2003-03-02,0.051,0.119,0.142,0.028,0.048,0.075,,0.129,,0.168
2003-03-09,0.051,0.195,0.280,0.003,0.089,0.096,,0.130,,0.169
2003-03-16,0.046,0.289,0.162,0.006,0.080,0.064,,0.120,,0.157
2003-03-23,0.043,0.227,0.170,0.015,0.054,0.073,,0.115,,0.154
2003-03-30,0.039,0.194,0.176,0.033,0.071,0.076,0.059,0.104,,0.138
2003-04-06,0.036,0.121,0.134,0.008,0.054,0.068,0.059,0.107,,0.136
2003-04-13,0.031,0.101,0.150,0.012,0.088,0.055,0.058,0.101,,0.129
2003-04-20,0.029,0.147,0.104,0.030,0.054,0.056,0.058,0.102,,0.168
2003-04-27,0.034,0.097,0.104,0.004,0.081,0.072,0.061,0.128,,0.263
2003-05-04,0.031,0.069,0.089,0.007,0.068,0.071,0.059,0.132,,0.222
2003-05-11,0.039,0.064,0.067,0.000,0.048,0.060,0.059,0.140,,0.200
2003-05-18,0.039,0.053,0.109,0.019,0.061,0.069,0.057,0.151,,0.202
2003-05-25,0.039,0.064,0.071,0.015,0.062,0.074,0.055,0.175,,0.177
2003-06-01,0.034,0.058,0.080,0.031,0.082,0.079,0.062,0.161,,0.192
2003-06-08,0.039,0.042,0.062,0.050,0.069,0.088,0.059,0.150,,0.186
2003-06-15,0.039,0.047,0.036,0.094,0.055,0.074,0.059,0.163,,0.178
2003-06-22,0.039,0.039,0.073,0.165,0.055,0.056,0.058,0.143,,0.160
2003-06-29,0.031,0.038,0.056,0.170,0.047,0.071,0.058,0.132,,0.172
2003-07-06,0.034,0.029,0.018,0.195,0.100,0.086,0.056,0.120,,0.159
2003-07-13,0.036,0.023,0.015,0.174,0.073,0.072,0.057,0.129,,0.161
2003-07-20,0.029,0.021,0.052,0.187,0.047,0.065,0.064,0.128,,0.163
2003-07-27,0.027,0.018,0.013,0.180,0.049,0.068,0.064,0.123,,0.153
2003-08-03,0.024,0.016,0.044,0.116,0.039,0.095,0.081,0.112,,0.151
2003-08-10,0.022,0.019,0.036,0.101,0.039,0.092,0.091,0.131,,0.150
2003-08-17,0.022,0.022,0.032,0.100,0.039,0.089,0.134,0.127,,0.146
2003-08-24,0.019,0.018,0.034,0.103,0.064,0.063,0.163,0.116,,0.152
2003-08-31,0.019,0.018,0.011,0.135,0.055,0.084,0.152,0.111,,0.159
2003-09-07,0.019,0.019,0.018,0.143,0.047,0.137,0.149,0.109,,0.166
2003-09-14,0.019,0.031,0.034,0.196,0.047,0.165,0.147,0.113,,0.175
2003-09-21,0.019,0.041,0.015,0.242,0.063,0.124,0.137,0.123,,0.162
2003-09-28,0.019,0.049,0.016,0.292,0.054,0.188,0.123,0.120,,0.166
2003-10-05,0.019,0.035,0.020,0.565,0.069,0.182,0.141,0.108,,0.160
2003-10-12,0.019,0.044,0.041,0.928,0.075,0.160,0.123,0.108,,0.192
2003-10-19,0.022,0.054,0.026,0.990,0.068,0.157,0.109,0.119,,0.231
2003-10-26,0.024,0.035,0.034,0.910,0.076,0.122,0.103,0.174,,0.298
2003-11-02,0.029,0.032,0.038,0.679,0.075,0.159,0.096,0.195,,0.302
2003-11-09,0.027,0.044,0.038,0.509,0.060,0.132,0.090,0.157,,0.262
2003-11-16,0.027,0.031,0.046,0.327,0.047,0.088,0.091,0.126,,0.238
2003-11-23,0.027,0.030,0.068,0.245,0.055,0.127,0.088,0.116,,0.231
2003-11-30,0.027,0.024,0.063,0.178,0.068,0.079,0.089,0.129,,0.252
2003-12-07,0.024,0.016,0.060,0.133,0.058,0.083,0.091,0.112,,0.286
2003-12-14,0.022,0.012,0.055,0.094,0.045,0.066,0.095,0.109,,0.360
2003-12-21,0.019,0.011,0.053,0.100,0.055,0.055,0.098,0.104,,0.324
2003-12-28,0.019,0.010,0.049,0.087,0.039,0.042,0.109,0.117,,0.321
2004-01-04,0.019,0.010,0.085,0.070,0.065,0.041,0.105,0.115,,0.285
2004-01-11,0.017,0.018,0.095,0.072,0.090,0.036,0.096,0.109,,0.256
2004-01-18,0.017,0.070,0.072,0.062,0.039,0.034,0.097,0.106,,0.251
2004-01-25,0.019,0.091,0.057,0.059,0.065,0.033,0.093,0.108,,0.284
2004-02-01,0.031,0.068,0.069,0.043,0.058,0.037,0.088,0.109,,0.283
2004-02-08,0.039,0.046,0.067,0.033,0.122,0.032,0.080,0.145,,0.227
2004-02-15,0.046,0.034,0.077,0.058,0.295,0.031,0.074,0.194,,0.199
2004-02-22,0.041,0.034,0.088,0.039,0.690,0.033,0.071,0.178,,0.195
2004-02-29,0.039,0.030,0.085,0.031,1.000,0.040,0.073,0.172,,0.207
2004-03-07,0.039,0.028,0.096,0.023,0.800,0.036,0.070,0.161,,0.188
2004-03-14,0.053,0.023,0.071,0.039,0.521,0.040,0.065,0.164,,0.183
2004-03-21,0.065,0.037,0.085,0.023,0.424,0.047,0.060,0.135,,0.184
2004-03-28,0.063,0.056,0.096,0.026,0.205,0.052,0.060,0.170,,0.168
2004-04-04,0.046,0.042,0.071,0.037,0.262,0.051,0.057,0.149,,0.176
2004-04-11,0.041,0.035,0.054,0.027,0.212,0.051,0.058,0.127,,0.162
2004-04-18,0.036,0.040,0.067,0.031,0.186,0.049,0.057,0.118,,0.162
2004-04-25,0.041,0.045,0.027,0.019,0.151,0.044,0.056,0.127,,0.187
2004-05-02,0.041,0.051,0.039,0.016,0.142,0.038,0.054,0.150,,0.206
2004-05-09,0.041,0.049,0.043,0.021,0.127,0.051,0.053,0.138,,0.259
2004-05-16,0.036,0.032,0.031,0.037,0.139,0.060,0.056,0.120,,0.236
2004-05-23,0.036,0.026,0.040,0.029,0.098,0.114,0.055,0.161,,0.202
2004-05-30,0.039,0.032,0.030,0.037,0.082,0.071,0.056,0.164,,0.195
2004-06-06,0.036,0.039,0.032,0.040,0.084,0.060,0.054,0.137,,0.186
2004-06-13,0.029,0.028,0.024,0.040,0.076,0.073,0.058,0.132,,0.166
2004-06-20,0.027,0.024,0.022,0.057,0.104,0.050,0.063,0.128,,0.172
2004-06-27,0.024,0.015,0.032,0.048,0.091,0.059,0.089,0.145,,0.180
2004-07-04,0.022,0.015,0.017,0.054,0.068,0.067,0.092,0.134,,0.163
2004-07-11,0.022,0.015,0.028,0.056,0.111,0.057,0.095,0.154,,0.158
2004-07-18,0.019,0.021,0.010,0.057,0.066,0.069,0.114,0.160,,0.151
2004-07-25,0.017,0.026,0.017,0.093,0.087,0.104,0.112,0.194,,0.158
2004-08-01,0.017,0.025,0.026,0.099,0.077,0.128,0.107,0.188,,0.169
2004-08-08,0.017,0.029,0.013,0.099,0.075,0.178,0.099,0.205,,0.165
2004-08-15,0.024,0.020,0.018,0.075,0.078,0.129,0.096,0.193,,0.154
2004-08-22,0.022,0.017,0.020,0.080,0.106,0.131,0.090,0.178,,0.149
2004-08-29,0.022,0.018,0.019,0.085,0.083,0.110,0.098,0.164,,0.148
2004-09-05,0.019,0.016,0.031,0.082,0.077,0.106,0.131,0.193,,0.157
2004-09-12,0.022,0.014,0.019,0.103,0.072,0.124,0.153,0.165,,0.151
2004-09-19,0.019,0.011,0.022,0.127,0.062,0.138,0.153,0.208,,0.159
2004-09-26,0.027,0.011,0.026,0.120,0.079,0.135,0.139,0.178,,0.173
2004-10-03,0.022,0.012,0.021,0.114,0.082,0.115,0.118,0.174,,0.198
2004-10-10,0.029,0.015,0.015,0.137,0.071,0.124,0.114,0.188,,0.202
2004-10-17,0.027,0.018,0.045,0.171,0.115,0.148,0.101,0.186,,0.240
2004-10-24,0.027,0.021,0.041,0.173,0.078,0.138,0.097,0.165,,0.230
2004-10-31,0.029,0.020,0.047,0.164,0.066,0.073,0.090,0.177,,0.221
2004-11-07,0.029,0.017,0.046,0.182,0.067,0.075,0.096,0.187,,0.227
2004-11-14,0.027,0.016,0.059,0.155,0.084,0.078,0.090,0.195,,0.183
2004-11-21,0.027,0.017,0.078,0.125,0.090,0.072,0.095,0.182,,0.171
2004-11-28,0.022,0.022,0.057,0.093,0.160,0.061,0.090,0.193,,0.201
2004-12-05,0.019,0.019,0.032,0.093,0.097,0.070,0.098,0.185,,0.180
2004-12-12,0.017,0.016,0.033,0.071,0.112,0.049,0.105,0.185,,0.169
2004-12-19,0.014,0.016,0.040,0.062,0.093,0.048,0.099,0.187,,0.159
2004-12-26,0.014,0.015,0.045,0.055,0.072,0.042,0.100,0.186,,0.160
2005-01-02,0.012,0.015,0.063,0.039,0.113,0.048,0.103,0.167,,0.162
2005-01-09,0.012,0.015,0.057,0.034,0.079,0.038,0.101,0.194,,0.174
2005-01-16,0.012,0.020,0.070,0.032,0.104,0.040,0.103,0.180,,0.176
2005-01-23,0.010,0.029,0.062,0.030,0.171,0.045,0.100,0.184,,0.183
2005-01-30,0.010,0.041,0.062,0.020,0.206,0.033,0.093,0.251,,0.210
2005-02-06,0.010,0.038,0.074,0.035,0.328,0.036,0.089,0.271,,0.183
2005-02-13,0.014,0.032,0.086,0.027,0.390,0.040,0.078,0.236,,0.165
2005-02-20,0.014,0.029,0.072,0.015,0.278,0.036,0.073,0.291,,0.188
2005-02-27,0.012,0.018,0.040,0.019,0.177,0.055,0.070,0.184,,0.196
2005-03-06,0.014,0.028,0.079,0.014,0.211,0.052,0.071,0.165,,0.170
2005-03-13,0.019,0.028,0.068,0.029,0.174,0.051,0.068,0.153,,0.162
2005-03-20,0.024,0.024,0.074,0.022,0.159,0.047,0.068,0.194,,0.164
2005-03-27,0.031,0.030,0.091,0.018,0.181,0.049,0.065,0.204,,0.170
2005-04-03,0.027,0.028,0.067,0.008,0.132,0.035,0.061,0.202,,0.172
2005-04-10,0.024,0.051,0.057,0.016,0.176,0.051,0.059,0.181,,0.164
2005-04-17,0.022,0.068,0.062,0.013,0.135,0.049,0.061,0.172,,0.167
2005-04-24,0.024,0.051,0.062,0.015,0.124,0.053,0.061,0.177,,0.162
2005-05-01,0.029,0.044,0.058,0.013,0.129,0.051,0.060,0.187,,0.174
2005-05-08,0.024,0.045,0.059,0.021,0.139,0.056,0.059,0.181,,0.175
2005-05-15,0.022,0.045,0.063,0.044,0.098,0.057,0.062,0.178,,0.190
2005-05-22,0.019,0.045,0.050,0.028,0.101,0.063,0.059,0.144,,0.181
2005-05-29,0.019,0.041,0.067,0.031,0.110,0.070,0.071,0.162,,0.192
2005-06-05,0.017,0.024,0.056,0.028,0.098,0.075,0.079,0.175,,0.176
2005-06-12,0.022,0.030,0.056,0.052,0.070,0.089,0.083,0.181,,0.175
2005-06-19,0.022,0.034,0.050,0.028,0.072,0.089,0.095,0.204,,0.200
2005-06-26,0.022,0.022,0.041,0.055,0.086,0.088,0.128,0.232,,0.211
2005-07-03,0.019,0.014,0.042,0.051,0.100,0.100,0.136,0.221,,0.186
2005-07-10,0.017,0.011,0.034,0.075,0.093,0.081,0.133,0.226,,0.183
2005-07-17,0.014,0.011,0.035,0.134,0.111,0.104,0.162,0.250,,0.222
2005-07-24,0.012,0.007,0.051,0.130,0.103,0.135,0.185,0.291,,0.196
2005-07-31,0.012,0.008,0.049,0.093,0.103,0.151,0.250,0.289,,0.218
2005-08-07,0.019,0.007,0.052,0.172,0.152,0.154,0.320,0.247,,0.180
2005-08-14,0.024,0.009,0.052,0.218,0.200,0.136,0.367,0.257,,0.255
2005-08-21,0.027,0.020,0.026,0.228,0.219,0.099,0.295,0.365,,0.217
2005-08-28,0.029,0.023,0.035,0.299,0.188,0.127,0.325,0.402,,0.197
2005-09-04,0.029,0.030,0.026,0.355,0.157,0.143,0.333,0.566,,0.229
2005-09-11,0.022,0.033,0.025,0.298,0.124,0.177,0.228,1.000,,0.226
2005-09-18,0.019,0.020,0.029,0.247,0.151,0.208,0.213,0.839,,0.190
2005-09-25,0.014,0.024,0.029,0.224,0.135,0.167,0.165,0.815,,0.229
2005-10-02,0.014,0.022,0.028,0.213,0.116,0.156,0.138,0.622,,0.207
2005-10-09,0.014,0.036,0.030,0.237,0.168,0.179,0.137,0.401,,0.239
2005-10-16,0.022,0.026,0.048,0.285,0.277,0.194,0.141,0.359,,0.283
2005-10-23,0.046,0.023,0.043,0.295,0.168,0.169,0.115,0.345,,0.301
2005-10-30,0.036,0.030,0.041,0.276,0.154,0.155,0.117,0.324,,0.246
2005-11-06,0.034,0.024,0.046,0.251,0.144,0.147,0.106,0.246,,0.244
2005-11-13,0.029,0.049,0.067,0.232,0.214,0.115,0.090,0.203,,0.206
2005-11-20,0.022,0.061,0.069,0.198,0.207,0.105,0.094,0.164,,0.275
2005-11-27,0.019,0.052,0.032,0.150,0.288,0.091,0.081,0.156,,0.211
2005-12-04,0.017,0.025,0.037,0.123,0.307,0.067,0.080,0.156,,0.177
2005-12-11,0.014,0.015,0.027,0.098,0.377,0.050,0.082,0.146,,0.187
2005-12-18,0.012,0.017,0.043,0.054,0.452,0.044,0.080,0.142,,0.180
2005-12-25,0.012,0.013,0.046,0.049,0.430,0.054,0.095,0.138,,0.180
2006-01-01,0.010,0.013,0.067,0.074,0.386,0.033,0.096,0.140,,0.204
2006-01-08,0.010,0.010,0.055,0.046,0.293,0.046,0.095,0.144,,0.207
2006-01-15,0.010,0.017,0.088,0.047,0.248,0.044,0.094,0.135,,0.201
2006-01-22,0.010,0.011,0.127,0.033,0.259,0.042,0.095,0.132,,0.200
2006-01-29,0.010,0.009,0.133,0.037,0.273,0.035,0.084,0.134,,0.194
2006-02-05,0.012,0.009,0.145,0.029,0.221,0.031,0.093,0.123,,0.215
2006-02-12,0.012,0.020,0.137,0.035,0.201,0.036,0.082,0.127,,0.217
2006-02-19,0.017,0.016,0.136,0.027,0.244,0.036,0.084,0.135,,0.199
2006-02-26,0.019,0.014,0.162,0.029,0.235,0.065,0.078,0.132,,0.183
2006-03-05,0.024,0.012,0.156,0.027,0.236,0.049,0.070,0.129,,0.189
2006-03-12,0.029,0.016,0.167,0.037,0.203,0.049,0.071,0.120,,0.167
2006-03-19,0.022,0.015,0.175,0.034,0.247,0.051,0.067,0.122,,0.204
2006-03-26,0.024,0.029,0.161,0.021,0.274,0.071,0.066,0.121,,0.205
2006-04-02,0.034,0.021,0.155,0.029,0.231,0.077,0.065,0.123,,0.168
2006-04-09,0.048,0.045,0.187,0.024,0.207,0.057,0.058,0.115,,0.229
2006-04-16,0.041,0.054,0.197,0.022,0.257,0.074,0.061,0.111,,0.172
2006-04-23,0.034,0.069,0.217,0.033,0.266,0.068,0.061,0.117,,0.145
2006-04-30,0.029,0.039,0.211,0.020,0.245,0.047,0.059,0.131,,0.148
2006-05-07,0.027,0.051,0.158,0.017,0.201,0.049,0.053,0.118,,0.172
2006-05-14,0.024,0.041,0.119,0.028,0.210,0.064,0.055,0.122,,0.169
2006-05-21,0.024,0.041,0.118,0.025,0.220,0.063,0.056,0.151,,0.176
2006-05-28,0.022,0.027,0.132,0.018,0.176,0.067,0.062,0.131,,0.193
2006-06-04,0.027,0.022,0.090,0.032,0.173,0.071,0.060,0.118,,0.193
2006-06-11,0.024,0.024,0.063,0.036,0.167,0.086,0.057,0.135,,0.204
2006-06-18,0.022,0.020,0.083,0.045,0.181,0.074,0.066,0.153,,0.207
2006-06-25,0.024,0.028,0.066,0.051,0.225,0.077,0.066,0.172,,0.201
2006-07-02,0.019,0.024,0.045,0.063,0.180,0.060,0.081,0.173,,0.173
2006-07-09,0.014,0.023,0.044,0.053,0.153,0.084,0.123,0.144,,0.171
2006-07-16,0.014,0.015,0.045,0.057,0.148,0.106,0.131,0.126,,0.161
2006-07-23,0.012,0.011,0.046,0.063,0.185,0.099,0.149,0.134,,0.147
2006-07-30,0.010,0.005,0.023,0.068,0.230,0.106,0.160,0.113,,0.149
2006-08-06,0.012,0.006,0.039,0.057,0.172,0.103,0.149,0.119,,0.152
2006-08-13,0.012,0.005,0.034,0.064,0.132,0.124,0.149,0.129,,0.150
2006-08-20,0.012,0.008,0.043,0.076,0.169,0.106,0.209,0.119,,0.150
2006-08-27,0.017,0.016,0.041,0.085,0.159,0.129,0.214,0.104,,0.150
2006-09-03,0.014,0.015,0.026,0.088,0.157,0.126,0.293,0.095,,0.147
2006-09-10,0.014,0.008,0.036,0.141,0.170,0.151,0.459,0.107,,0.148
2006-09-17,0.017,0.007,0.043,0.160,0.190,0.193,0.430,0.115,,0.150
2006-09-24,0.017,0.007,0.031,0.279,0.215,0.221,0.448,0.119,,0.146
2006-10-01,0.019,0.017,0.026,0.466,0.192,0.218,0.346,0.135,,0.159
2006-10-08,0.017,0.043,0.022,0.600,0.174,0.202,0.313,0.132,,0.165
2006-10-15,0.017,0.029,0.032,0.913,0.099,0.204,0.296,0.138,,0.181
2006-10-22,0.019,0.023,0.043,0.967,0.100,0.166,0.211,0.139,,0.177
2006-10-29,0.024,0.018,0.036,0.917,0.167,0.157,0.187,0.139,,0.206
2006-11-05,0.022,0.020,0.041,0.677,0.190,0.156,0.168,0.116,,0.203
2006-11-12,0.022,0.016,0.054,0.519,0.200,0.108,0.166,0.108,,0.191
2006-11-19,0.019,0.014,0.069,0.388,0.192,0.112,0.129,0.100,,0.216
2006-11-26,0.019,0.022,0.052,0.305,0.215,0.100,0.114,0.106,,0.182
2006-12-03,0.014,0.014,0.042,0.233,0.205,0.085,0.119,0.111,,0.183
2006-12-10,0.012,0.012,0.054,0.174,0.176,0.087,0.117,0.105,,0.203
2006-12-17,0.010,0.008,0.050,0.156,0.172,0.062,0.110,0.100,,0.199
2006-12-24,0.010,0.005,0.059,0.179,0.190,0.053,0.110,0.105,,0.204
2006-12-31,0.010,0.004,0.067,0.190,0.196,0.058,0.113,0.127,,0.230
2007-01-07,0.010,0.006,0.068,0.161,0.236,0.061,0.115,0.117,,0.258
2007-01-14,0.014,0.027,0.063,0.128,0.224,0.061,0.103,0.107,,0.225
2007-01-21,0.031,0.037,0.097,0.068,0.383,0.058,0.107,0.106,,0.222
2007-01-28,0.077,0.080,0.145,0.066,0.660,0.057,0.103,0.111,,0.248
2007-02-04,0.096,0.135,0.130,0.070,0.613,0.053,0.106,0.110,,0.233
2007-02-11,0.084,0.145,0.143,0.059,0.592,0.048,0.104,0.105,,0.191
2007-02-18,0.092,0.158,0.164,0.040,0.562,0.060,0.091,0.111,,0.206
2007-02-25,0.195,0.172,0.180,0.042,0.567,0.066,0.085,0.117,,0.207
2007-03-04,0.407,0.202,0.213,0.044,0.440,0.071,0.088,0.106,,0.199
2007-03-11,0.694,0.199,0.277,0.043,0.341,0.081,0.083,0.104,,0.169
2007-03-18,0.933,0.127,0.306,0.027,0.371,0.072,0.076,0.108,,0.182
2007-03-25,0.561,0.107,0.317,0.032,0.287,0.079,0.076,0.113,,0.177
2007-04-01,0.301,0.109,0.342,0.026,0.420,0.058,0.072,0.109,,0.173
2007-04-08,0.316,0.093,0.364,0.023,0.427,0.066,0.071,0.111,,0.183
2007-04-15,0.325,0.082,0.384,0.019,0.392,0.083,0.068,0.148,,0.166
2007-04-22,0.207,0.089,0.393,0.028,0.352,0.068,0.070,0.142,,0.162
2007-04-29,0.128,0.081,0.333,0.030,0.487,0.073,0.063,0.191,,0.156
2007-05-06,0.104,0.046,0.269,0.031,0.348,0.056,0.062,0.188,,0.179
2007-05-13,0.070,0.059,0.253,0.029,0.299,0.061,0.061,0.213,,0.174
2007-05-20,0.053,0.064,0.221,0.046,0.322,0.070,0.063,0.287,,0.163
2007-05-27,0.055,0.049,0.173,0.045,0.321,0.081,0.072,0.293,,0.170
2007-06-03,0.051,0.037,0.146,0.060,0.317,0.091,0.071,0.263,,0.189
2007-06-10,0.053,0.029,0.180,0.082,0.250,0.096,0.068,0.284,,0.189
2007-06-17,0.043,0.022,0.130,0.100,0.230,0.100,0.078,0.347,,0.224
2007-06-24,0.039,0.024,0.101,0.116,0.188,0.115,0.110,0.434,,0.203
2007-07-01,0.024,0.024,0.088,0.105,0.213,0.104,0.138,0.413,,0.220
2007-07-08,0.019,0.017,0.100,0.136,0.181,0.106,0.168,0.406,,0.234
2007-07-15,0.019,0.017,0.087,0.129,0.220,0.116,0.223,0.377,,0.262
2007-07-22,0.019,0.018,0.075,0.097,0.214,0.118,0.208,0.330,,0.288
2007-07-29,0.017,0.019,0.074,0.087,0.215,0.104,0.158,0.339,,0.309
2007-08-05,0.017,0.022,0.045,0.100,0.234,0.123,0.161,0.232,,0.345
2007-08-12,0.019,0.019,0.050,0.106,0.197,0.149,0.196,0.214,,0.346
2007-08-19,0.017,0.019,0.051,0.134,0.224,0.133,0.199,0.192,,0.388
2007-08-26,0.022,0.014,0.054,0.118,0.209,0.178,0.188,0.176,,0.366
2007-09-02,0.022,0.012,0.068,0.128,0.179,0.186,0.205,0.192,,0.375
2007-09-09,0.019,0.013,0.065,0.151,0.176,0.192,0.189,0.224,,0.353
2007-09-16,0.017,0.010,0.062,0.159,0.233,0.240,0.225,0.230,,0.378
2007-09-23,0.034,0.009,0.055,0.160,0.169,0.274,0.195,0.186,,0.359
2007-09-30,0.036,0.010,0.059,0.174,0.174,0.345,0.248,0.170,,0.362
2007-10-07,0.029,0.020,0.079,0.205,0.111,0.363,0.240,0.151,,0.385
2007-10-14,0.024,0.030,0.119,0.197,0.126,0.488,0.180,0.126,,0.434
2007-10-21,0.034,0.021,0.121,0.172,0.187,0.586,0.212,0.135,,0.430
2007-10-28,0.041,0.017,0.122,0.139,0.201,0.529,0.200,0.124,,0.417
2007-11-04,0.031,0.016,0.125,0.110,0.222,0.397,0.190,0.120,,0.441
2007-11-11,0.034,0.014,0.099,0.109,0.195,0.287,0.170,0.111,,0.457
2007-11-18,0.027,0.015,0.134,0.116,0.245,0.214,0.152,0.110,,0.435
2007-11-25,0.024,0.014,0.131,0.088,0.192,0.162,0.139,0.116,,0.411
2007-12-02,0.024,0.016,0.123,0.072,0.225,0.159,0.169,0.115,,0.408
2007-12-09,0.019,0.015,0.105,0.051,0.217,0.115,0.141,0.107,,0.441
2007-12-16,0.014,0.011,0.116,0.045,0.183,0.088,0.132,0.116,,0.492
2007-12-23,0.014,0.010,0.150,0.045,0.220,0.069,0.134,0.126,,0.568
2007-12-30,0.014,0.008,0.194,0.043,0.183,0.058,0.171,0.120,,0.509
2008-01-06,0.012,0.009,0.164,0.036,0.219,0.063,0.149,0.138,,0.558
2008-01-13,0.014,0.022,0.204,0.040,0.238,0.057,0.147,0.123,,0.675
2008-01-20,0.017,0.028,0.175,0.039,0.309,0.055,0.160,0.140,,0.773
2008-01-27,0.014,0.030,0.165,0.038,0.300,0.063,0.183,0.140,,0.733
2008-02-03,0.017,0.028,0.156,0.033,0.284,0.062,0.186,0.124,,0.729
2008-02-10,0.022,0.027,0.180,0.021,0.314,0.063,0.175,0.123,,0.659
2008-02-17,0.046,0.052,0.191,0.025,0.280,0.064,0.164,0.122,,0.624
2008-02-24,0.041,0.033,0.233,0.026,0.233,0.058,0.115,0.116,,0.544
2008-03-02,0.058,0.028,0.270,0.025,0.193,0.065,0.116,0.108,,0.522
2008-03-09,0.099,0.043,0.335,0.026,0.267,0.054,0.105,0.106,,0.424
2008-03-16,0.084,0.033,0.447,0.015,0.231,0.055,0.097,0.108,,0.310
2008-03-23,0.075,0.040,0.702,0.021,0.241,0.069,0.083,0.113,,0.483
2008-03-30,0.070,0.041,0.957,0.021,0.268,0.065,0.084,0.109,,0.374
2008-04-06,0.082,0.064,1.000,0.024,0.274,0.078,0.086,0.126,,0.309
2008-04-13,0.060,0.044,0.758,0.016,0.283,0.078,0.083,0.145,,0.270
2008-04-20,0.063,0.059,0.662,0.026,0.239,0.081,0.077,0.139,,0.259
2008-04-27,0.053,0.046,0.451,0.018,0.270,0.063,0.078,0.146,,0.239
2008-05-04,0.043,0.054,0.309,0.014,0.259,0.071,0.075,0.142,,0.222
2008-05-11,0.029,0.031,0.249,0.015,0.252,0.066,0.077,0.137,,0.227
2008-05-18,0.034,0.027,0.229,0.021,0.236,0.079,0.076,0.139,,0.238
2008-05-25,0.024,0.028,0.197,0.021,0.231,0.101,0.085,0.115,,0.207
2008-06-01,0.022,0.060,0.124,0.018,0.230,0.142,0.079,0.113,,0.214
2008-06-08,0.017,0.036,0.105,0.030,0.181,0.120,0.081,0.123,,0.216
2008-06-15,0.014,0.037,0.100,0.045,0.186,0.097,0.084,0.118,,0.226
2008-06-22,0.014,0.027,0.065,0.052,0.148,0.109,0.079,0.124,,0.198
2008-06-29,0.014,0.018,0.048,0.062,0.140,0.103,0.091,0.126,,0.182
2008-07-06,0.014,0.021,0.045,0.051,0.147,0.109,0.099,0.122,,0.181
2008-07-13,0.014,0.018,0.030,0.056,0.146,0.131,0.082,0.133,,0.178
2008-07-20,0.012,0.014,0.028,0.052,0.146,0.132,0.087,0.133,,0.175
2008-07-27,0.010,0.010,0.032,0.071,0.155,0.128,0.099,0.139,,0.180
2008-08-03,0.012,0.007,0.027,0.078,0.161,0.123,0.115,0.122,,0.170
2008-08-10,0.012,0.007,0.024,0.090,0.123,0.137,0.115,0.121,,0.177
2008-08-17,0.012,0.005,0.035,0.109,0.130,0.125,0.141,0.113,,0.174
2008-08-24,0.014,0.010,0.029,0.175,0.146,0.135,0.135,0.121,,0.173
2008-08-31,0.017,0.017,0.031,0.222,0.158,0.157,0.164,0.115,,0.187
2008-09-07,0.014,0.017,0.033,0.232,0.171,0.191,0.107,0.118,,0.164
2008-09-14,0.012,0.011,0.025,0.249,0.164,0.200,0.157,0.108,0.104,0.171
2008-09-21,0.012,0.008,0.026,0.262,0.150,0.208,0.123,0.107,0.125,0.178
2008-09-28,0.014,0.010,0.025,0.244,0.115,0.259,0.100,0.105,0.118,0.176
2008-10-05,0.017,0.012,0.025,0.215,0.165,0.243,0.096,0.112,0.112,0.197
2008-10-12,0.014,0.014,0.028,0.230,0.162,0.224,0.100,0.110,0.113,0.216
2008-10-19,0.014,0.016,0.044,0.232,0.189,0.217,0.102,0.109,0.113,0.233
2008-10-26,0.024,0.030,0.046,0.235,0.192,0.201,0.103,0.105,0.122,0.251
2008-11-02,0.029,0.021,0.049,0.193,0.180,0.179,0.107,0.117,0.136,0.267
2008-11-09,0.031,0.025,0.061,0.161,0.207,0.170,0.097,0.110,0.146,0.241
2008-11-16,0.031,0.032,0.059,0.120,0.205,0.148,0.085,0.109,0.159,0.205
2008-11-23,0.024,0.036,0.059,0.095,0.226,0.136,0.091,0.115,0.149,0.223
2008-11-30,0.017,0.031,0.041,0.075,0.210,0.120,0.086,0.109,0.123,0.237
2008-12-07,0.014,0.037,0.070,0.068,0.195,0.102,0.088,0.104,0.101,0.245
2008-12-14,0.012,0.035,0.099,0.076,0.199,0.073,0.101,0.106,0.102,0.215
2008-12-21,0.014,0.039,0.098,0.069,0.169,0.057,0.103,0.107,0.097,0.216
2008-12-28,0.014,0.065,0.108,0.063,0.188,0.060,0.112,0.115,0.091,0.205
2009-01-04,0.014,0.123,0.127,0.047,0.210,0.066,0.130,0.120,0.086,0.206
2009-01-11,0.017,0.231,0.117,0.039,0.242,0.062,0.115,0.116,0.091,0.213
2009-01-18,0.017,0.370,0.117,0.041,0.235,0.058,0.114,0.120,0.089,0.241
2009-01-25,0.027,0.548,0.145,0.038,0.235,0.064,0.125,0.120,0.109,0.220
2009-02-01,0.029,0.803,0.172,0.027,0.227,0.057,0.122,0.128,0.125,0.221
2009-02-08,0.039,1.000,0.209,0.029,0.239,0.070,0.102,0.113,0.130,0.209
2009-02-15,0.070,0.852,0.252,0.023,0.249,0.069,0.122,0.115,0.120,0.199
2009-02-22,0.108,0.723,0.262,0.026,0.214,0.073,0.137,0.110,0.106,0.207
2009-03-01,0.166,0.929,0.377,0.022,0.217,0.081,0.099,0.101,0.096,0.217
2009-03-08,0.227,0.753,0.420,0.020,0.226,0.071,0.099,0.119,0.084,0.232
2009-03-15,0.383,0.509,0.435,0.021,0.244,0.071,0.100,0.129,0.086,0.210
2009-03-22,0.436,0.399,0.439,0.019,0.226,0.086,0.100,0.130,0.085,0.194
2009-03-29,0.530,0.301,0.403,0.019,0.224,0.101,0.083,0.138,0.084,0.205
2009-04-05,0.699,0.179,0.310,0.016,0.223,0.083,0.076,0.129,0.078,0.201
2009-04-12,0.788,0.173,0.344,0.023,0.235,0.121,0.068,0.133,0.073,0.226
2009-04-19,0.817,0.142,0.255,0.023,0.211,0.121,0.071,0.141,0.078,0.227
2009-04-26,0.971,0.156,0.235,0.019,0.217,0.079,0.078,0.123,0.100,0.226
2009-05-03,1.000,0.164,0.214,0.024,0.215,0.070,0.078,0.115,0.099,0.194
2009-05-10,0.916,0.143,0.230,0.021,0.192,0.103,0.075,0.107,0.125,0.207
2009-05-17,0.619,0.111,0.230,0.019,0.187,0.151,0.089,0.113,0.202,0.212
2009-05-24,0.489,0.100,0.206,0.023,0.177,0.144,0.087,0.117,0.227,0.184
2009-05-31,0.412,0.084,0.166,0.031,0.175,0.117,0.087,0.100,0.235,0.181
2009-06-07,0.357,0.099,0.108,0.041,0.176,0.110,0.181,0.100,0.231,0.199
2009-06-14,0.263,0.096,0.111,0.041,0.174,0.098,0.178,0.095,0.248,0.205
2009-06-21,0.217,0.074,0.088,0.051,0.176,0.102,0.182,0.097,0.224,0.195
2009-06-28,0.145,0.064,0.069,0.053,0.154,0.097,0.190,0.095,0.181,0.180
2009-07-05,0.101,0.048,0.070,0.061,0.170,0.102,0.190,0.099,0.141,0.177
2009-07-12,0.128,0.055,0.064,0.068,0.170,0.112,0.176,0.111,0.189,0.187
2009-07-19,0.106,0.077,0.049,0.064,0.159,0.117,0.160,0.105,0.170,0.183
2009-07-26,0.159,0.069,0.052,0.064,0.147,0.121,0.140,0.100,0.145,0.192
2009-08-02,0.169,0.049,0.055,0.084,0.161,0.180,0.131,0.107,0.147,0.191
2009-08-09,0.142,0.058,0.058,0.096,0.177,0.198,0.126,0.098,0.144,0.195
2009-08-16,0.152,0.066,0.078,0.106,0.133,0.218,0.143,0.098,0.165,0.201
2009-08-23,0.212,0.055,0.079,0.114,0.151,0.271,0.156,0.087,0.168,0.230
2009-08-30,0.224,0.066,0.076,0.098,0.145,0.452,0.171,0.086,0.139,0.239
2009-09-06,0.166,0.070,0.064,0.112,0.136,0.652,0.176,0.084,0.137,0.252
2009-09-13,0.147,0.056,0.080,0.125,0.116,0.769,0.184,0.085,0.125,0.252
2009-09-20,0.149,0.034,0.065,0.140,0.108,0.943,0.186,0.094,0.104,0.280
2009-09-27,0.210,0.044,0.063,0.173,0.135,1.000,0.161,0.091,0.093,0.347
2009-10-04,0.287,0.048,0.053,0.215,0.138,0.977,0.167,0.091,0.080,0.405
2009-10-11,0.347,0.049,0.044,0.241,0.139,0.988,0.159,0.091,0.069,0.473
2009-10-18,0.463,0.057,0.074,0.292,0.135,0.847,0.147,0.094,0.066,0.586
2009-10-25,0.460,0.043,0.086,0.335,0.141,0.729,0.194,0.091,0.071,0.637
2009-11-01,0.366,0.037,0.109,0.316,0.158,0.644,0.150,0.085,0.090,0.656
2009-11-08,0.371,0.044,0.118,0.267,0.146,0.567,0.146,0.086,0.102,0.681
2009-11-15,0.427,0.035,0.122,0.206,0.143,0.590,0.154,0.088,0.112,0.690
2009-11-22,0.373,0.043,0.142,0.170,0.123,0.432,0.177,0.088,0.107,0.729
2009-11-29,0.349,0.038,0.121,0.125,0.153,0.310,0.170,0.090,0.097,0.626
2009-12-06,0.275,0.037,0.103,0.105,0.144,0.240,0.164,0.095,0.087,0.573
2009-12-13,0.412,0.027,0.110,0.080,0.141,0.185,0.150,0.093,0.093,0.502
2009-12-20,0.388,0.018,0.108,0.069,0.129,0.130,0.135,0.089,0.089,0.450
2009-12-27,0.400,0.013,0.127,0.067,0.130,0.129,0.177,0.093,0.077,0.434
2010-01-03,0.482,0.011,0.161,0.071,0.150,0.106,0.175,0.095,0.079,0.471
2010-01-10,0.386,0.014,0.185,0.057,0.178,0.096,0.170,0.104,0.096,0.414
2010-01-17,0.361,0.019,0.199,0.051,0.170,0.089,0.151,0.110,0.095,0.395
2010-01-24,0.258,0.024,0.212,0.045,0.167,0.093,0.166,0.100,0.093,0.371
2010-01-31,0.210,0.022,0.257,0.041,0.174,0.080,0.169,0.097,0.096,0.362
2010-02-07,0.251,0.028,0.318,0.041,0.168,0.085,0.146,0.097,0.094,0.337
2010-02-14,0.455,0.031,0.370,0.038,0.164,0.078,0.148,0.096,0.096,0.345
2010-02-21,0.284,0.062,0.583,0.027,0.153,0.075,0.138,0.098,0.095,0.373
2010-02-28,0.306,0.092,0.596,0.020,0.161,0.082,0.125,0.098,0.102,0.361
2010-03-07,0.316,0.081,0.626,0.016,0.168,0.090,0.120,0.090,0.107,0.366
2010-03-14,0.287,0.065,0.623,0.017,0.167,0.090,0.138,0.089,0.096,0.375
2010-03-21,0.229,0.065,0.652,0.017,0.161,0.107,0.113,0.106,0.095,0.350
2010-03-28,0.229,0.047,0.586,0.012,0.154,0.067,0.117,0.106,0.082,0.325
2010-04-04,0.181,0.049,0.623,0.013,0.158,0.085,0.097,0.113,0.072,0.351
2010-04-11,0.147,0.046,0.620,0.009,0.154,0.103,0.089,0.101,0.069,0.349
2010-04-18,0.142,0.036,0.499,0.013,0.151,0.099,0.097,0.112,0.078,0.369
2010-04-25,0.104,0.032,0.465,0.014,0.158,0.109,0.107,0.116,0.096,0.420
2010-05-02,0.101,0.032,0.482,0.013,0.133,0.102,0.109,0.108,0.097,0.464
2010-05-09,0.087,0.026,0.396,0.016,0.139,0.105,0.100,0.104,0.114,0.582
2010-05-16,0.070,0.024,0.349,0.023,0.144,0.116,0.113,0.102,0.170,0.744
2010-05-23,0.060,0.025,0.286,0.027,0.144,0.117,0.113,0.107,0.156,0.948
2010-05-30,0.070,0.028,0.229,0.038,0.135,0.123,0.115,0.101,0.221,1.000
2010-06-06,0.048,0.025,0.213,0.051,0.126,0.128,0.127,0.102,0.286,0.977
2010-06-13,0.046,0.023,0.183,0.058,0.126,0.116,0.118,0.097,0.272,0.960
2010-06-20,0.041,0.018,0.165,0.070,0.124,0.118,0.170,0.105,0.299,0.963
2010-06-27,0.048,0.019,0.134,0.079,0.115,0.119,0.218,0.104,0.360,0.977
2010-07-04,0.034,0.021,0.125,0.097,0.112,0.147,0.319,0.113,0.385,0.865
2010-07-11,0.029,0.015,0.107,0.102,0.131,0.197,0.390,0.112,0.393,0.761
2010-07-18,0.022,0.012,0.099,0.134,0.132,0.279,0.386,0.112,0.390,0.703
2010-07-25,0.034,0.012,0.096,0.165,0.124,0.328,0.486,0.115,0.311,0.658
2010-08-01,0.036,0.015,0.093,0.189,0.127,0.333,0.494,0.126,0.381,0.615
2010-08-08,0.036,0.016,0.108,0.214,0.123,0.287,0.580,0.127,0.345,0.611
2010-08-15,0.039,0.016,0.103,0.364,0.120,0.250,0.753,0.120,0.486,0.607
2010-08-22,0.048,0.011,0.109,0.513,0.137,0.227,0.882,0.117,0.562,0.552
2010-08-29,0.034,0.011,0.102,0.566,0.118,0.222,1.000,0.119,0.547,0.529
2010-09-05,0.039,0.016,0.087,0.634,0.093,0.216,0.912,0.115,0.433,0.504
2010-09-12,0.039,0.016,0.102,0.705,0.110,0.196,0.845,0.119,0.428,0.464
2010-09-19,0.046,0.011,0.096,0.693,0.133,0.209,0.674,0.113,0.345,0.412
2010-09-26,0.060,0.011,0.073,0.626,0.144,0.216,0.548,0.117,0.240,0.414
2010-10-03,0.075,0.021,0.065,0.626,0.143,0.228,0.381,0.123,0.174,0.405
2010-10-10,0.084,0.020,0.054,0.572,0.137,0.218,0.288,0.109,0.147,0.437
2010-10-17,0.082,0.017,0.080,0.572,0.143,0.209,0.238,0.115,0.119,0.471
2010-10-24,0.072,0.015,0.085,0.442,0.142,0.221,0.214,0.107,0.126,0.568
2010-10-31,0.120,0.020,0.096,0.310,0.135,0.214,0.178,0.113,0.110,0.632
2010-11-07,0.094,0.020,0.102,0.258,0.134,0.203,0.174,0.102,0.129,0.628
2010-11-14,0.099,0.018,0.114,0.187,0.118,0.184,0.168,0.096,0.130,0.574
2010-11-21,0.080,0.017,0.121,0.144,0.124,0.186,0.191,0.098,0.133,0.553
2010-11-28,0.063,0.014,0.102,0.113,0.142,0.149,0.167,0.094,0.121,0.481
2010-12-05,0.048,0.012,0.093,0.093,0.124,0.138,0.177,0.098,0.124,0.432
2010-12-12,0.039,0.012,0.094,0.073,0.128,0.103,0.182,0.101,0.122,0.372
2010-12-19,0.034,0.012,0.105,0.061,0.114,0.060,0.185,0.097,0.097,0.323
2010-12-26,0.036,0.010,0.101,0.064,0.105,0.050,0.204,0.106,0.087,0.327
2011-01-02,0.041,0.014,0.112,0.067,0.116,0.049,0.197,0.106,0.086,0.340
2011-01-09,0.041,0.051,0.126,0.056,0.128,0.051,0.161,0.109,0.101,0.341
2011-01-16,0.053,0.068,0.127,0.056,0.124,0.048,0.171,0.107,0.101,0.348
2011-01-23,0.063,0.058,0.150,0.042,0.121,0.048,0.152,0.111,0.092,0.318
2011-01-30,0.077,0.085,0.162,0.036,0.106,0.042,0.151,0.111,0.102,0.322
2011-02-06,0.077,0.115,0.216,0.029,0.112,0.045,0.156,0.099,0.104,0.330
2011-02-13,0.089,0.101,0.262,0.024,0.104,0.043,0.168,0.089,0.089,0.320
2011-02-20,0.087,0.104,0.324,0.019,0.110,0.052,0.143,0.093,0.091,0.313
2011-02-27,0.087,0.080,0.295,0.015,0.102,0.067,0.136,0.093,0.086,0.271
2011-03-06,0.142,0.080,0.284,0.014,0.110,0.079,0.112,0.093,0.076,0.263
2011-03-13,0.202,0.084,0.392,0.013,0.118,0.086,0.106,0.094,0.077,0.274
2011-03-20,0.193,0.092,0.487,0.016,0.114,0.076,0.108,0.099,0.072,0.300
2011-03-27,0.202,0.096,0.458,0.012,0.106,0.078,0.094,0.100,0.065,0.279
2011-04-03,0.207,0.109,0.486,0.017,0.110,0.081,0.093,0.104,0.061,0.271
2011-04-10,0.169,0.100,0.444,0.022,0.109,0.085,0.093,0.095,0.056,0.214
2011-04-17,0.096,0.089,0.372,0.035,0.101,0.062,0.084,0.090,0.069,0.178
2011-04-24,0.099,0.094,0.366,0.026,0.107,0.085,0.092,0.094,0.080,0.210
2011-05-01,0.072,0.076,0.320,0.023,0.101,0.081,0.096,0.091,0.085,0.189
2011-05-08,0.089,0.058,0.279,0.021,0.105,0.075,0.075,0.088,0.109,0.201
2011-05-15,0.077,0.050,0.255,0.024,0.093,0.082,0.070,0.090,0.122,0.206
2011-05-22,0.055,0.040,0.216,0.023,0.101,0.084,0.077,0.093,0.163,0.205
2011-05-29,0.053,0.046,0.175,0.023,0.096,0.080,0.104,0.102,0.193,0.199
2011-06-05,0.055,0.046,0.139,0.024,0.097,0.080,0.109,0.099,0.231,0.206
2011-06-12,0.041,0.034,0.129,0.029,0.102,0.078,0.117,0.108,0.257,0.195
2011-06-19,0.041,0.027,0.099,0.035,0.099,0.073,0.108,0.104,0.259,0.188
2011-06-26,0.043,0.021,0.089,0.051,0.086,0.069,0.141,0.123,0.238,0.185
2011-07-03,0.029,0.016,0.076,0.047,0.092,0.086,0.145,0.128,0.219,0.174
2011-07-10,0.024,0.011,0.072,0.049,0.085,0.098,0.184,0.129,0.186,0.175
2011-07-17,0.014,0.012,0.058,0.062,0.087,0.100,0.181,0.134,0.229,0.160
2011-07-24,0.029,0.012,0.068,0.062,0.080,0.118,0.201,0.152,0.199,0.166
2011-07-31,0.029,0.009,0.066,0.067,0.081,0.106,0.233,0.151,0.206,0.156
2011-08-07,0.027,0.007,0.073,0.078,0.081,0.095,0.443,0.148,0.175,0.156
2011-08-14,0.024,0.010,0.074,0.089,0.077,0.094,0.725,0.134,0.181,0.159
2011-08-21,0.029,0.013,0.074,0.086,0.072,0.093,0.871,0.119,0.206,0.158
2011-08-28,0.029,0.012,0.076,0.076,0.067,0.104,0.634,0.112,0.182,0.157
2011-09-04,0.029,0.012,0.076,0.079,0.077,0.118,0.499,0.118,0.172,0.157
2011-09-11,0.019,0.011,0.079,0.092,0.094,0.111,0.403,0.110,0.181,0.164
2011-09-18,0.019,0.010,0.073,0.098,0.091,0.131,0.361,0.117,0.180,0.183
2011-09-25,0.029,0.010,0.071,0.116,0.095,0.161,0.324,0.122,0.139,0.175
2011-10-02,0.027,0.010,0.075,0.127,0.098,0.167,0.287,0.112,0.120,0.189
2011-10-09,0.024,0.012,0.071,0.156,0.101,0.171,0.209,0.116,0.108,0.199
2011-10-16,0.029,0.018,0.082,0.189,0.101,0.178,0.137,0.104,0.098,0.246
2011-10-23,0.031,0.019,0.097,0.192,0.101,0.165,0.117,0.104,0.093,0.299
2011-10-30,0.034,0.018,0.090,0.191,0.095,0.128,0.094,0.109,0.107,0.330
2011-11-06,0.036,0.017,0.097,0.142,0.100,0.130,0.085,0.116,0.140,0.296
2011-11-13,0.039,0.015,0.090,0.100,0.110,0.106,0.083,0.102,0.149,0.274
2011-11-20,0.043,0.019,0.092,0.084,0.099,0.086,0.092,0.106,0.152,0.278
2011-11-27,0.041,0.022,0.079,0.069,0.106,0.075,0.085,0.104,0.133,0.251
2011-12-04,0.029,0.019,0.080,0.054,0.107,0.067,0.105,0.104,0.123,0.232
2011-12-11,0.024,0.014,0.087,0.040,0.104,0.056,0.092,0.102,0.108,0.208
2011-12-18,0.024,0.011,0.083,0.032,0.101,0.048,0.098,0.098,0.117,0.183
2011-12-25,0.024,0.016,0.084,0.034,0.093,0.049,0.104,0.101,0.101,0.182
2012-01-01,0.034,0.061,0.103,0.033,0.106,0.054,0.102,0.109,0.108,0.183
2012-01-08,0.036,0.060,0.112,0.031,0.116,0.058,0.097,0.104,0.125,0.197
2012-01-15,0.036,0.058,0.095,0.022,0.118,0.060,0.091,0.102,0.134,0.203
2012-01-22,0.039,0.049,0.102,0.018,0.113,0.066,0.101,0.104,0.120,0.214
2012-01-29,0.055,0.063,0.109,0.017,0.115,0.069,0.123,0.101,0.106,0.205
2012-02-05,0.077,0.087,0.116,0.012,0.114,0.059,0.117,0.097,0.127,0.198
2012-02-12,0.092,0.087,0.124,0.012,0.105,0.060,0.103,0.112,0.109,0.184
2012-02-19,0.089,0.075,0.141,0.011,0.108,0.061,0.120,0.116,0.119,0.191
2012-02-26,0.077,0.077,0.177,0.009,0.106,0.071,0.102,0.109,0.098,0.198
2012-03-04,0.070,0.061,0.176,0.007,0.112,0.073,0.091,0.111,0.082,0.204
2012-03-11,0.080,0.070,0.188,0.010,0.106,0.064,0.092,0.106,0.083,0.186
2012-03-18,0.070,0.061,0.198,0.008,0.102,0.063,0.101,0.109,0.086,0.184
2012-03-25,0.058,0.055,0.194,0.010,0.106,0.071,0.080,0.108,0.072,0.174
2012-04-01,0.055,0.047,0.177,0.013,0.098,0.059,0.078,0.105,0.063,0.161
2012-04-08,0.055,0.045,0.202,0.013,0.104,0.072,0.083,0.104,0.062,0.169
2012-04-15,0.046,0.044,0.204,0.015,0.100,0.076,0.085,0.106,0.071,0.171
2012-04-22,0.034,0.038,0.217,0.018,0.099,0.071,0.076,0.105,0.078,0.166
2012-04-29,0.029,0.034,0.185,0.015,0.100,0.070,0.090,0.101,0.092,0.165
2012-05-06,0.043,0.037,0.197,0.022,0.100,0.068,0.087,0.108,0.095,0.168
2012-05-13,0.043,0.024,0.186,0.029,0.093,0.075,0.116,0.112,0.129,0.181
2012-05-20,0.034,0.023,0.170,0.050,0.096,0.083,0.141,0.108,0.155,0.197
2012-05-27,0.039,0.020,0.160,0.060,0.100,0.090,0.142,0.113,0.176,0.202
2012-06-03,0.031,0.016,0.114,0.051,0.094,0.094,0.170,0.124,0.196,0.188
2012-06-10,0.029,0.015,0.113,0.065,0.095,0.097,0.189,0.112,0.258,0.182
2012-06-17,0.024,0.016,0.107,0.066,0.096,0.103,0.185,0.119,0.258,0.186
2012-06-24,0.027,0.011,0.093,0.069,0.087,0.111,0.197,0.123,0.297,0.196
2012-07-01,0.019,0.009,0.083,0.060,0.084,0.117,0.206,0.124,0.300,0.200
2012-07-08,0.017,0.008,0.067,0.055,0.083,0.141,0.242,0.133,0.345,0.182
2012-07-15,0.012,0.008,0.051,0.057,0.076,0.164,0.286,0.140,0.322,0.192
2012-07-22,0.012,0.008,0.060,0.074,0.081,0.196,0.284,0.141,0.334,0.200
2012-07-29,0.017,0.005,0.061,0.091,0.078,0.223,0.256,0.122,0.227,0.212
2012-08-05,0.017,0.005,0.059,0.097,0.076,0.235,0.236,0.109,0.272,0.224
2012-08-12,0.019,0.010,0.053,0.122,0.069,0.258,0.256,0.115,0.254,0.235
2012-08-19,0.017,0.012,0.050,0.147,0.070,0.288,0.227,0.115,0.256,0.258
2012-08-26,0.024,0.014,0.049,0.190,0.075,0.309,0.212,0.116,0.233,0.273
2012-09-02,0.029,0.012,0.044,0.248,0.083,0.337,0.207,0.112,0.221,0.269
2012-09-09,0.039,0.009,0.051,0.228,0.080,0.319,0.204,0.113,0.224,0.269
2012-09-16,0.034,0.009,0.054,0.212,0.082,0.311,0.184,0.115,0.217,0.243
2012-09-23,0.027,0.006,0.043,0.231,0.088,0.315,0.218,0.118,0.181,0.236
2012-09-30,0.027,0.012,0.043,0.302,0.086,0.323,0.257,0.118,0.170,0.235
2012-10-07,0.027,0.014,0.038,0.459,0.087,0.314,0.311,0.118,0.159,0.224
2012-10-14,0.031,0.012,0.050,0.644,0.084,0.316,0.337,0.119,0.142,0.243
2012-10-21,0.036,0.015,0.059,1.000,0.081,0.311,0.247,0.127,0.152,0.272
2012-10-28,0.043,0.014,0.056,0.913,0.084,0.282,0.231,0.128,0.156,0.326
2012-11-04,0.043,0.013,0.063,0.715,0.088,0.284,0.220,0.115,0.174,0.346
2012-11-11,0.041,0.013,0.058,0.452,0.085,0.231,0.132,0.117,0.181,0.333
2012-11-18,0.041,0.010,0.067,0.401,0.095,0.195,0.128,0.120,0.186,0.307
2012-11-25,0.041,0.009,0.057,0.294,0.100,0.168,0.134,0.118,0.168,0.309
2012-12-02,0.034,0.014,0.054,0.216,0.103,0.162,0.134,0.116,0.187,0.277
2012-12-09,0.029,0.015,0.053,0.177,0.106,0.117,0.154,0.115,0.192,0.229
2012-12-16,0.039,0.009,0.059,0.132,0.098,0.116,0.171,0.118,0.184,0.228
2012-12-23,0.034,0.008,0.081,0.105,0.095,0.103,0.195,0.126,0.155,0.235
2012-12-30,0.031,0.006,0.111,0.093,0.102,0.092,0.185,0.126,0.143,0.223
2013-01-06,0.053,0.012,0.127,0.078,0.112,0.084,0.172,0.141,0.178,0.231
2013-01-13,0.060,0.021,0.145,0.070,0.122,0.079,0.160,0.142,0.171,0.221
2013-01-20,0.089,0.015,0.171,0.063,0.114,0.079,0.154,0.152,0.186,0.248
2013-01-27,0.125,0.011,0.178,0.057,0.119,0.081,0.169,0.169,0.184,0.252
2013-02-03,0.106,0.015,0.182,0.056,0.121,0.085,0.175,0.185,0.177,0.267
2013-02-10,0.120,0.013,0.238,0.054,0.109,0.082,0.148,0.184,0.178,0.245
2013-02-17,0.212,0.025,0.275,0.051,0.112,0.084,0.113,0.193,0.178,0.263
2013-02-24,0.181,0.022,0.323,0.049,0.111,0.086,0.105,0.167,0.147,0.312
2013-03-03,0.217,0.018,0.328,0.035,0.107,0.091,0.094,0.162,0.185,0.255
2013-03-10,0.207,0.014,0.368,0.032,0.111,0.083,0.091,0.142,0.187,0.258
2013-03-17,0.188,0.022,0.421,0.029,0.118,0.085,0.071,0.123,0.200,0.288
2013-03-24,0.154,0.023,0.423,0.025,0.111,0.070,0.081,0.143,0.162,0.215
2013-03-31,0.159,0.019,0.501,0.025,0.108,0.088,0.063,0.157,0.146,0.281
2013-04-07,0.154,0.015,0.568,0.030,0.108,0.093,0.061,0.196,0.138,0.215
2013-04-14,0.176,0.023,0.488,0.022,0.104,0.088,0.053,0.219,0.147,0.195
2013-04-21,0.234,0.018,0.383,0.027,0.097,0.089,0.049,0.217,0.191,0.223
2013-04-28,0.152,0.016,0.320,0.020,0.101,0.087,0.053,0.270,0.187,0.218
2013-05-05,0.152,0.018,0.264,0.025,0.102,0.094,0.053,0.252,0.194,0.259
2013-05-12,0.137,0.019,0.241,0.033,0.101,0.104,0.057,0.228,0.210,0.314
2013-05-19,0.096,0.012,0.200,0.040,0.101,0.108,0.064,0.230,0.260,0.334
2013-05-26,0.082,0.008,0.147,0.065,0.100,0.113,0.077,0.250,0.318,0.332
2013-06-02,0.077,0.009,0.129,0.093,0.096,0.133,0.093,0.314,0.461,0.321
2013-06-09,0.067,0.008,0.124,0.103,0.093,0.156,0.109,0.441,0.727,0.310
2013-06-16,0.039,0.006,0.114,0.110,0.094,0.163,0.129,0.417,0.905,0.299
2013-06-23,0.051,0.005,0.088,0.114,0.091,0.184,0.164,0.306,0.850,0.277
2013-06-30,0.048,0.004,0.078,0.124,0.089,0.212,0.129,0.236,0.862,0.250
2013-07-07,0.029,0.003,0.065,0.134,0.086,0.219,0.163,0.222,0.938,0.232
2013-07-14,0.019,0.002,0.064,0.135,0.089,0.279,0.168,0.189,1.000,0.215
2013-07-21,0.022,0.003,0.051,0.139,0.087,0.306,0.199,0.171,0.765,0.214
2013-07-28,0.039,0.002,0.056,0.139,0.080,0.325,0.212,0.156,0.657,0.213
2013-08-04,0.036,0.004,0.063,0.126,0.079,0.370,0.235,0.142,0.608,0.221
2013-08-11,0.027,0.006,0.057,0.134,0.084,0.329,0.286,0.164,0.563,0.228
2013-08-18,0.031,0.004,0.060,0.172,0.089,0.339,0.237,0.142,0.587,0.241
2013-08-25,0.031,0.005,0.054,0.216,0.086,0.361,0.253,0.134,0.546,0.261
2013-09-01,0.031,0.007,0.053,0.305,0.084,0.406,0.204,0.132,0.470,0.242
2013-09-08,0.029,0.006,0.057,0.378,0.081,0.391,0.191,0.146,0.466,0.247
2013-09-15,0.022,0.007,0.057,0.483,0.084,0.393,0.186,0.153,0.397,0.247
2013-09-22,0.027,0.007,0.052,0.585,0.087,0.483,0.191,0.157,0.315,0.268
2013-09-29,0.027,0.008,0.047,0.606,0.083,0.541,0.186,0.193,0.245,0.291
2013-10-06,0.034,0.008,0.045,0.552,0.081,0.562,0.182,0.186,0.216,0.315
2013-10-13,0.039,0.014,0.051,0.537,0.078,0.530,0.168,0.174,0.173,0.360
2013-10-20,0.048,0.012,0.063,0.511,0.081,0.518,0.149,0.204,0.169,0.404
2013-10-27,0.041,0.014,0.056,0.410,0.080,0.482,0.144,0.195,0.156,0.449
2013-11-03,0.048,0.012,0.060,0.358,0.082,0.449,0.123,0.189,0.175,0.489
2013-11-10,0.043,0.009,0.061,0.288,0.086,0.367,0.110,0.184,0.166,0.468
2013-11-17,0.053,0.008,0.076,0.215,0.088,0.335,0.092,0.196,0.163,0.499
2013-11-24,0.043,0.009,0.059,0.160,0.089,0.267,0.078,0.149,0.156,0.489
2013-12-01,0.048,0.007,0.056,0.128,0.088,0.242,0.088,0.142,0.129,0.453
2013-12-08,0.039,0.005,0.051,0.090,0.093,0.205,0.094,0.134,0.139,0.440
2013-12-15,0.043,0.003,0.051,0.071,0.091,0.181,0.087,0.134,0.124,0.450
2013-12-22,0.039,0.003,0.053,0.055,0.087,0.151,0.108,0.126,0.100,0.471
2013-12-29,0.039,0.005,0.068,0.053,0.090,0.150,0.107,0.131,0.100,0.456
2014-01-05,0.043,0.008,0.076,0.049,0.101,0.147,0.087,0.137,0.138,0.438
2014-01-12,0.072,0.010,0.071,0.040,0.099,0.136,0.083,0.139,0.134,0.516
2014-01-19,0.082,0.025,0.072,0.039,0.104,0.147,0.085,0.126,0.121,0.526
2014-01-26,0.096,0.026,0.080,0.040,0.103,0.144,0.083,0.115,0.138,0.493
2014-02-02,0.176,0.039,0.092,0.036,0.101,0.133,0.075,0.121,0.161,0.522
2014-02-09,0.149,0.034,0.101,0.031,0.100,0.128,0.067,0.126,0.159,0.443
2014-02-16,0.130,0.039,0.115,0.030,0.099,0.124,0.073,0.127,0.156,0.379
2014-02-23,0.099,0.043,0.128,0.026,0.102,0.114,0.062,0.119,0.162,0.306
2014-03-02,0.084,0.042,0.127,0.021,0.095,0.109,0.065,0.142,0.155,0.269
2014-03-09,0.077,0.044,0.151,0.021,0.100,0.108,0.065,0.135,0.135,0.302
2014-03-16,0.063,0.035,0.185,0.021,0.096,0.103,0.066,0.127,0.116,0.286
2014-03-23,0.070,0.041,0.222,0.019,0.095,0.102,0.076,0.129,0.094,0.271
2014-03-30,0.084,0.047,0.263,0.027,0.097,0.103,0.059,0.128,0.074,0.276
2014-04-06,0.099,0.045,0.345,0.030,0.095,0.128,0.055,0.120,0.076,0.276
2014-04-13,0.067,0.030,0.425,0.021,0.097,0.089,0.052,0.109,0.075,0.238
2014-04-20,0.111,0.028,0.458,0.026,0.098,0.112,0.046,0.117,0.088,0.249
2014-04-27,0.084,0.025,0.439,0.022,0.092,0.110,0.046,0.118,0.084,0.265
2014-05-04,0.080,0.024,0.417,0.024,0.097,0.095,0.047,0.115,0.084,0.249
2014-05-11,0.058,0.026,0.340,0.024,0.096,0.114,0.056,0.108,0.102,0.251
2014-05-18,0.055,0.023,0.285,0.025,0.096,0.115,0.066,0.113,0.127,0.315
2014-05-25,0.051,0.015,0.208,0.026,0.089,0.118,0.060,0.119,0.131,0.371
2014-06-01,0.048,0.014,0.172,0.024,0.093,0.131,0.053,0.119,0.174,0.339
2014-06-08,0.036,0.011,0.146,0.027,0.094,0.142,0.063,0.128,0.205,0.297
2014-06-15,0.029,0.009,0.127,0.034,0.090,0.158,0.064,0.135,0.273,0.316
2014-06-22,0.029,0.008,0.112,0.042,0.084,0.169,0.058,0.135,0.271,0.320
2014-06-29,0.029,0.007,0.092,0.050,0.087,0.175,0.074,0.142,0.271,0.330
2014-07-06,0.019,0.006,0.081,0.058,0.082,0.194,0.091,0.155,0.261,0.343
2014-07-13,0.024,0.000,0.073,0.069,0.084,0.199,0.106,0.160,0.306,0.346
2014-07-20,0.019,0.000,0.063,0.083,0.080,0.200,0.101,0.246,0.296,0.381
2014-07-27,0.022,0.000,0.057,0.083,0.079,0.184,0.105,0.200,0.252,0.392
2014-08-03,0.029,0.001,0.066,0.095,0.091,0.167,0.118,0.205,0.232,0.421
2014-08-10,0.034,0.015,0.059,0.094,0.091,0.173,0.112,0.189,0.232,0.478
2014-08-17,0.048,0.012,0.055,0.119,0.089,0.181,0.102,0.180,0.240,0.528
2014-08-24,0.034,0.009,0.057,0.114,0.088,0.204,0.104,0.146,0.209,0.539
2014-08-31,0.029,0.011,0.055,0.120,0.088,0.211,0.099,0.121,0.221,0.547
2014-09-07,0.024,0.009,0.053,0.158,0.090,0.223,0.100,0.113,0.214,0.597
2014-09-14,0.022,0.010,0.057,0.173,0.088,0.236,0.084,0.110,0.182,0.664
2014-09-21,0.029,0.008,0.054,0.175,0.090,0.277,0.076,0.104,0.164,0.777
2014-09-28,0.027,0.011,0.057,0.176,0.087,0.362,0.076,0.099,0.141,0.845
2014-10-05,0.031,0.009,0.054,0.222,0.085,0.444,0.075,0.102,0.127,0.980
2014-10-12,0.036,0.017,0.061,0.270,0.088,0.473,0.086,0.099,0.132,0.952
2014-10-19,0.039,0.017,0.064,0.257,0.086,0.468,0.096,0.101,0.124,0.875
2014-10-26,0.039,0.019,0.061,0.325,0.092,0.451,0.081,0.100,0.131,0.798
2014-11-02,0.029,0.014,0.071,0.396,0.087,0.451,0.097,0.090,0.146,0.674
2014-11-09,0.031,0.011,0.064,0.350,0.088,0.397,0.083,0.087,0.150,0.588
2014-11-16,0.034,0.018,0.060,0.284,0.093,0.325,0.087,0.087,0.153,0.510
2014-11-23,0.034,0.009,0.051,0.198,0.093,0.252,0.097,0.116,0.149,0.491
2014-11-30,0.022,0.005,0.052,0.143,0.093,0.192,0.085,0.124,0.132,0.416
2014-12-07,0.024,0.001,0.054,0.106,0.094,0.167,0.091,0.121,0.135,0.284
2014-12-14,0.031,0.000,0.055,0.074,0.093,0.135,0.084,0.120,0.123,0.185
2014-12-21,0.027,0.000,0.058,0.058,0.088,0.122,0.084,0.118,0.108,0.181
2014-12-28,0.029,0.000,0.077,0.048,0.088,0.115,0.092,0.122,0.087,0.179
2015-01-04,0.034,0.000,0.089,0.055,0.102,0.108,0.097,0.122,0.111,0.177
2015-01-11,0.034,0.000,0.096,0.049,0.112,0.099,0.089,0.124,0.107,0.189
2015-01-18,0.036,0.003,0.107,0.049,0.128,0.104,0.085,0.123,0.110,0.197
2015-01-25,0.043,0.004,0.146,0.052,0.155,0.099,0.068,0.116,0.130,0.186
2015-02-01,0.039,0.008,0.195,0.058,0.177,0.093,0.080,0.112,0.117,0.189
2015-02-08,0.043,0.009,0.252,0.050,0.157,0.090,0.073,0.110,0.123,0.166
2015-02-15,0.043,0.010,0.294,0.041,0.133,0.102,0.066,0.099,0.127,0.163
2015-02-22,0.034,0.019,0.380,0.038,0.133,0.100,0.059,0.102,0.125,0.162
2015-03-01,0.055,0.022,0.503,0.027,0.119,0.112,0.057,0.101,0.107,0.174
2015-03-08,0.092,0.019,0.612,0.026,0.123,0.109,0.054,0.097,0.115,0.176
2015-03-15,0.135,0.025,0.694,0.023,0.116,0.109,0.048,0.091,0.107,0.163
2015-03-22,0.186,0.023,0.783,0.019,0.110,0.120,0.049,0.088,0.090,0.162
2015-03-29,0.193,0.020,0.753,0.015,0.106,0.119,0.053,0.089,0.086,0.139
2015-04-05,0.183,0.026,0.737,0.018,0.108,0.139,0.054,0.100,0.088,0.158
2015-04-12,0.166,0.032,0.895,0.020,0.110,0.140,0.049,0.095,0.087,0.147
2015-04-19,0.116,0.026,0.801,0.022,0.104,0.140,0.045,0.096,0.112,0.158
2015-04-26,0.101,0.031,0.714,0.019,0.106,0.133,0.048,0.097,0.110,0.143
2015-05-03,0.070,0.022,0.700,0.020,0.103,0.127,0.046,0.099,0.119,0.155
2015-05-10,0.080,0.020,0.537,0.020,0.102,0.134,0.047,0.121,0.137,0.152
2015-05-17,0.070,0.020,0.456,0.022,0.104,0.138,0.051,0.121,0.178,0.149
2015-05-24,0.048,0.015,0.383,0.023,0.101,0.132,0.049,0.130,0.213,0.157
2015-05-31,0.051,0.012,0.275,0.028,0.098,0.138,0.052,0.128,0.234,0.150
2015-06-07,0.039,0.013,0.265,0.038,0.097,0.147,0.053,0.124,0.271,0.144
2015-06-14,0.041,0.010,0.211,0.058,0.092,0.170,0.050,0.139,0.310,0.153
2015-06-21,0.036,0.007,0.155,0.072,0.090,0.190,0.061,0.119,0.342,0.154
2015-06-28,0.029,0.007,0.124,0.084,0.087,0.200,0.070,0.115,0.399,0.162
2015-07-05,0.022,0.004,0.101,0.096,0.085,0.220,0.083,0.113,0.357,0.171
2015-07-12,0.017,0.001,0.104,0.105,0.077,0.229,0.092,0.107,0.384,0.166
2015-07-19,0.014,0.001,0.090,0.135,0.077,0.249,0.110,0.119,0.411,0.175
2015-07-26,0.022,0.005,0.088,0.144,0.084,0.273,0.125,0.111,0.334,0.174
2015-08-02,0.024,0.005,0.085,0.166,0.078,0.283,0.137,0.105,0.408,0.179
2015-08-09,0.022,0.008,0.080,0.190,0.077,0.281,0.143,0.106,0.415,0.177