Date,Argentina,Australia,Austria,Belgium,Bolivia,Brazil,Bulgaria,Canada,Chile,France,Germany,Hungary,Japan,Mexico,Netherlands,New Zealand,Norway,Paraguay,Peru,Poland,Romania,Russia,South Africa,Spain,Sweden,Switzerland,Ukraine,United States,Uruguay
2002-12-29,,,,,,174,,,,,,,,,,,,,329,,,,,,,,,,
2003-01-05,,,,,,162,,,,,,,,,,,,,315,,,,,,,,,,
2003-01-12,,,,,,174,,,1,,,,,,,,,,314,,,,,,,,,,
2003-01-19,,,,,,162,,,0,,,,,,,,,,267,,,,,,,,,,
2003-01-26,,,,,,131,,,0,,,,,,,,,,241,,,,,,,,,,
2003-02-02,136,,,,,151,,,0,,,,,,,,,,227,,,,,,,,,,
2003-02-09,145,,,,,184,,,0,,,,,,,,,,250,,664,,,,,,,,
2003-02-16,141,,,,,162,,,0,,,,,,,,,,236,,736,,,,,,,,
2003-02-23,135,,,,426,194,,,0,,,,,,,,,,274,,740,,,,,,,,
2003-03-02,134,,,,427,177,,,0,,,,,,,,,,270,,864,,,,,,,,
2003-03-09,136,,,,460,223,,,0,,,,,,,,,,312,,824,,,,,,,,
2003-03-16,134,,,,541,213,,,1,,,,,,,,,,350,,819,,,,,,,,105
2003-03-23,153,,,,549,228,,,1,,,,,,,,,,340,,821,,,,,,,,102
2003-03-30,158,,,,647,262,,,2,,,,,,,,,,301,,753,,,,,,,,104
2003-04-06,187,,,,636,308,,,1,,,,,,,,,,401,,777,,,,,,,,110
2003-04-13,193,,,,580,259,,,1,,,,,,,,,,508,,757,,,,,,,,111
2003-04-20,186,,,,537,287,,,1,,,,,,,,,,527,,726,,,,,,,,106
2003-04-27,209,,,,525,299,,,2,,,,,,,,,,567,,703,,,,,,,,104
2003-05-04,239,,,,493,319,,,4,,,,,,,,,,494,,655,,,,,,,,116
2003-05-11,241,,,,560,336,,,3,,,,,,,,,,456,,657,,,,,,,,122
2003-05-18,232,,,,539,361,,,1,,,,,,,,,,450,,639,,,,,,,,119
2003-05-25,251,,,,547,385,,,1,,,,,,,,,,441,,613,,,,,,,,118
2003-06-01,253,,,,567,403,,,2,,,,,,,,,,497,,584,,,,,,,,128
2003-06-08,261,,,,529,371,,,2,,,,,,,,,,358,,568,,,,,,,,157
2003-06-15,258,,,,521,334,,,3,,,,,,,,,,410,,561,,,,,,,,221
2003-06-22,278,,,,526,279,,,3,,,,,,,,,,427,,553,,,,,,,,308
2003-06-29,348,,,,506,266,,,4,,,,,,,,,,394,,553,,,,,,,,251
2003-07-06,325,,,,480,256,,,4,,,,,,,,,,371,,545,,,,,,,,205
2003-07-13,307,,,,475,272,,,6,,,,,,,,,,441,,541,,,,,,,,199
2003-07-20,239,,,,523,260,,,4,,,,,,,,,,394,,528,,,,,,,,189
2003-07-27,229,,,,520,225,,,2,,,,,,,,,,382,,522,,,,,,,,173
2003-08-03,235,,,,566,223,,,3,,,,,,,,,,388,,510,,,,,,,,158
2003-08-10,225,,,,557,234,,,1,,,,,,,,,,418,,509,,,,,,,,178
2003-08-17,201,,,,595,262,,,0,,,,,,,,,,383,,496,,,,,,,,184
2003-08-24,192,,,,578,264,,,1,,,,,,,,,,468,,502,,,,,,,,212
2003-08-31,224,,,,641,247,,,2,,,,,,,,,,510,,500,,,,,,,,214
2003-09-07,210,,,,625,246,,,2,,,,,,,,,,544,,491,,,,,,,,208
2003-09-14,204,,,,613,228,,,3,,,,,,,,,,630,,490,,,,,,,,182
2003-09-21,213,,,,607,230,,,3,,,,,,,,,,576,,509,,,,,,,,162
2003-09-28,217,,515,50,553,243,,1280,2,25,839,,,683,,,,,582,,539,,,26,,,,902,149
2003-10-05,205,,752,44,475,216,,1339,1,25,1040,,,707,25,,,,450,,642,,,23,,,,952,147
2003-10-12,174,,720,63,448,206,,1451,1,30,1171,,,800,22,,,,472,,706,,,43,,,,1092,136
2003-10-19,178,,727,112,405,252,,1593,1,81,1310,,,858,19,,,,395,,702,,,46,,,,1209,142
2003-10-26,178,,710,54,366,233,,1895,2,82,1210,,9,755,19,,,,385,,736,,,77,,,,1249,157
2003-11-02,184,,608,70,400,230,,1995,2,48,1055,,14,843,18,,,,364,,677,,,130,,17,,1374,154
2003-11-09,166,,661,74,427,218,,2335,4,146,1103,,17,957,22,,,,380,,655,,,141,,20,,1702,136
2003-11-16,149,,708,133,424,239,,2731,1,274,1142,,22,894,23,,,,351,,725,,,170,,19,,2148,138
2003-11-23,133,,822,273,408,201,,3138,2,877,991,,25,880,24,,,,327,,788,,,158,,20,,2968,134
2003-11-30,123,,652,725,388,177,,4229,2,1282,1071,,33,979,55,,,,316,,844,,,73,,42,,3524,124
2003-12-07,121,,719,832,368,154,,5303,1,634,1287,,47,1025,121,,,,375,,1165,,,83,,110,,5389,130
2003-12-14,109,,862,729,344,137,,7531,1,457,1214,,72,1242,159,,,,333,,1434,,,53,,187,,7276,117
2003-12-21,103,,824,265,342,148,,7014,1,275,950,,101,1346,177,,,,322,,1304,,,27,,303,,8196,109
2003-12-28,100,,898,159,319,155,,4950,1,154,1124,,118,1264,102,,,,257,,1142,,,33,,504,,5250,126
2004-01-04,98,,880,119,311,153,,3649,1,71,1291,,171,1108,58,,,,275,,932,,,46,,354,,3154,127
2004-01-11,98,,800,68,322,154,,2866,1,44,1190,,279,1026,28,,,,266,,818,,,23,,252,,2057,122
2004-01-18,98,,973,93,343,152,,2230,1,29,1135,,452,977,20,,,,303,,815,,,18,,133,,1616,117
2004-01-25,102,,998,78,348,145,,2155,1,30,1190,,695,976,20,,,,284,,782,,,19,,82,,1396,108
2004-02-01,102,,1016,80,336,146,,1699,1,32,1196,,708,932,20,,,,261,,754,,,19,,53,,1227,104
2004-02-08,102,,854,65,321,187,,1649,2,22,1145,,537,939,19,,,,220,,811,,,16,,37,,1186,100
2004-02-15,102,,824,64,330,185,,1700,1,23,1194,,337,913,19,,,,289,,769,,,13,,29,,1162,108
2004-02-22,114,,738,44,329,206,,1580,1,31,1308,,182,974,18,,,,228,,761,,,15,,24,,1118,115
2004-02-29,121,,726,61,314,228,,1427,1,16,1257,,91,944,18,,,,208,,729,,,10,,20,,989,106
2004-03-07,108,,653,109,370,244,,1409,1,18,1280,,56,1040,17,,,,231,,703,,,14,,17,,919,110
2004-03-14,107,,600,70,421,213,,1404,4,14,1047,,29,1028,16,,,,301,,774,,,19,,16,,846,115
2004-03-21,119,,628,61,450,243,,1424,3,15,938,,20,1021,15,,,,284,,770,,,28,,15,,883,113
2004-03-28,123,,636,43,446,240,,1111,2,15,771,,13,880,12,,,,267,,757,,,23,,13,,808,120
2004-04-04,125,,569,21,415,239,,1178,3,9,739,,10,871,12,,,,279,,734,,,9,,12,,831,122
2004-04-11,134,,550,24,451,243,,1425,5,11,695,,8,908,14,,,,321,,686,,,12,,12,,796,125
2004-04-18,134,,531,32,430,251,,1163,4,7,712,,7,838,15,,,,369,,663,,,16,,11,,719,119
2004-04-25,226,,531,29,464,272,,1043,5,8,542,,5,828,16,,,,386,,671,,,12,,9,,722,132
2004-05-02,199,,417,34,449,275,,786,10,11,563,,5,799,14,,,,380,,683,,,13,,8,,705,145
2004-05-09,198,,476,42,532,293,,895,17,9,558,,4,790,16,,,,353,,661,,,16,,8,,680,137
2004-05-16,239,,425,33,587,309,,684,27,5,556,,3,852,16,,,,388,,637,,,18,,7,,663,163
2004-05-23,240,,454,38,583,353,,743,44,7,606,,3,733,13,,,,434,,613,,,18,,6,,649,166
2004-05-30,265,,441,41,563,346,,1041,57,8,544,,2,707,12,,,,292,,599,,,9,,6,,650,151
2004-06-06,283,,487,28,499,319,,792,35,6,429,,2,650,12,,,,385,,663,,,14,,6,,653,162
2004-06-13,273,,485,19,459,336,,819,22,4,471,,2,668,11,,,,327,,741,,,17,,6,,631,165
2004-06-20,273,,482,16,438,360,,755,15,4,470,,2,669,11,,,,351,,747,,,12,,6,,623,163
2004-06-27,271,,455,10,405,316,,711,10,4,425,,2,603,11,,,,328,,689,,,9,,6,,602,172
2004-07-04,254,,540,11,383,287,,752,9,5,448,,2,677,12,,,,373,,665,,,10,,6,,629,245
2004-07-11,238,,459,19,365,257,,663,14,5,485,,2,624,11,,,,349,,646,,,16,,7,,597,251
2004-07-18,204,,445,13,349,249,,699,4,5,423,,2,634,13,,,,354,,606,,,16,,7,,576,231
2004-07-25,217,,512,9,397,282,,528,2,4,439,,2,649,11,,,,291,,627,,,15,,6,,587,208
2004-08-01,178,,438,10,394,274,,631,1,4,347,,1,618,11,,,,367,,593,,,9,,7,,593,226
2004-08-08,189,,455,8,442,263,,651,2,9,318,,1,613,10,,,,332,,582,,,13,,7,,599,190
2004-08-15,196,,471,11,418,304,,810,2,7,364,,1,558,13,,,,345,,592,,,18,,6,,618,174
2004-08-22,199,,450,11,409,298,,671,3,8,396,,1,556,14,,,,367,,607,,,17,,6,,676,150
2004-08-29,230,,408,11,481,273,,755,3,6,406,,1,661,13,,,,353,,615,,,11,,7,,701,136
2004-09-05,208,,443,26,605,285,,1014,3,10,436,,1,771,17,,,,421,,597,,,11,,8,,810,153
2004-09-12,216,,482,34,563,267,,1042,3,13,497,,2,810,19,,,,411,,627,,,15,,8,,826,172
2004-09-19,187,,587,54,512,293,,1407,2,33,681,,2,884,24,,,,411,,672,,,20,,8,,898,189
2004-09-26,198,,702,75,461,261,,1656,2,40,858,,3,874,30,,,,387,19,793,,,34,,11,,922,176
2004-10-03,184,,732,81,478,249,,1544,1,51,1030,,3,906,29,,,,353,28,809,150,,43,,12,,1139,193
2004-10-10,153,,652,95,459,247,,1675,2,55,1327,,4,885,25,,,,400,61,818,168,,33,,11,,1408,172
2004-10-17,184,,707,63,409,281,,1924,2,51,1253,,7,946,26,,,,353,62,801,242,,47,,15,,1630,158
2004-10-24,194,,664,53,413,250,,2014,2,40,1011,,14,933,20,,,,367,57,800,284,,26,,16,,1767,141
2004-10-31,167,,660,49,393,249,,2207,3,52,944,,20,1079,19,,,,383,56,796,311,,34,,19,,1804,124
2004-11-07,161,,737,63,428,259,,2245,2,36,1118,,30,1044,20,,,,424,56,813,356,,34,,29,,1819,117
2004-11-14,174,,808,67,433,262,,2237,1,46,1162,45,31,1056,24,,12,,343,48,824,339,,29,,34,,1761,117
2004-11-21,150,,839,105,478,270,,2156,2,62,1048,46,36,1141,32,,13,,320,49,795,354,,26,,38,,1595,114
2004-11-28,131,,793,120,459,204,,2345,2,76,1028,49,35,1190,31,,13,,360,46,800,366,,31,,39,,1800,116
2004-12-05,111,,742,116,407,188,,2457,2,95,1056,52,41,1185,34,,13,,341,43,768,383,,42,,38,,1782,117
2004-12-12,100,,810,137,389,172,691,2722,2,100,1133,52,49,1237,36,,12,,270,44,755,364,,55,,38,,1850,101
2004-12-19,89,,807,144,355,168,715,3099,2,185,1132,56,43,1364,33,,12,,202,40,710,395,,68,,34,,2206,99
2004-12-26,77,,848,169,314,164,724,3586,1,171,1288,59,42,1409,34,,14,,256,43,720,419,,326,,35,,2715,98
2005-01-02,78,,769,203,294,170,751,3761,1,144,1253,59,42,1330,34,,14,,268,47,735,401,,579,,53,,2673,92
2005-01-09,82,,839,201,281,174,824,3120,1,149,1104,58,46,1206,37,,13,,255,52,840,390,,538,,134,,2459,89
2005-01-16,88,,895,168,273,157,812,3123,1,232,1032,60,78,1216,37,,14,,244,53,779,336,,478,,260,,2562,84
2005-01-23,89,,1106,191,272,163,947,3276,1,396,1124,61,178,1187,43,,15,,271,62,747,299,,209,,320,,2886,91
2005-01-30,94,,1643,233,275,160,1058,3392,3,623,1417,61,417,1052,60,,21,,218,271,884,282,,137,,497,,3429,102
2005-02-06,111,,2200,379,263,204,1219,3526,2,1132,2005,62,856,1092,95,,29,,207,392,870,296,,88,,628,,4037,102
2005-02-13,98,,2396,492,255,197,1270,3274,2,685,2469,78,1202,1139,119,,47,,242,423,913,295,,51,,515,,4065,100
2005-02-20,94,,2143,429,269,191,1268,3658,2,317,2443,174,1526,1120,140,,56,,249,404,882,327,,57,,350,,3540,111
2005-02-27,101,,1492,419,282,204,1352,3527,2,179,2025,417,1451,1177,108,,72,,230,466,919,348,,56,,166,,2875,102
2005-03-06,97,,1246,413,355,213,1234,2927,1,134,1799,566,1164,1118,94,,81,,236,442,1058,369,,50,,117,,2554,93
2005-03-13,106,,1052,330,378,204,1132,2786,3,90,1406,402,737,1091,87,,81,,226,267,1080,358,,75,,78,,2230,86
2005-03-20,137,,840,164,363,232,1064,2438,2,67,988,296,413,1131,61,,77,,227,182,1277,342,,52,,45,,2024,82
2005-03-27,145,,623,72,412,263,1002,2370,4,45,774,217,207,1066,36,,70,,269,156,1117,333,,32,,30,,1749,81
2005-04-03,154,,629,55,509,259,959,2036,3,34,646,156,111,981,29,,61,,288,98,914,291,,25,,22,,1421,83
2005-04-10,162,,552,57,441,300,881,1715,3,30,607,119,55,945,24,,49,,287,76,880,283,,24,,17,,1186,107
2005-04-17,192,,578,59,396,276,811,1509,5,25,657,91,38,894,23,,41,,297,59,858,268,,27,,14,,1083,146
2005-04-24,189,,619,59,430,286,746,1509,3,20,651,77,30,858,23,,35,,299,49,809,249,,24,,13,,1017,150
2005-05-01,183,,506,64,401,310,733,1451,4,10,596,63,17,900,18,,31,,320,43,719,235,,31,,11,,959,140
2005-05-08,199,,589,67,358,320,672,1524,3,10,711,53,9,854,21,,29,,345,36,689,218,,26,,11,,902,125
2005-05-15,193,,579,84,373,355,641,1262,6,10,671,44,6,832,16,,27,,396,32,665,222,,26,,11,,850,132
2005-05-22,205,,420,65,421,330,631,1182,9,9,570,39,5,882,18,,24,230,419,29,636,206,,22,,10,,850,132
2005-05-29,198,,518,50,427,350,587,1110,9,9,522,35,5,843,14,,23,263,307,25,626,192,,14,,11,,826,137
2005-06-05,196,,519,47,401,324,537,878,18,11,529,32,4,740,15,,19,286,340,22,598,183,,17,,11,,751,142
2005-06-12,197,,479,42,428,288,498,777,27,11,486,31,3,710,15,,18,333,371,20,617,170,,14,,9,,761,140
2005-06-19,246,,503,26,503,333,473,944,22,8,415,30,3,713,15,,17,379,354,18,656,158,,14,,9,,740,159
2005-06-26,264,,462,25,559,289,470,748,14,7,399,29,2,654,12,,15,400,355,17,709,155,,13,,11,,684,143
2005-07-03,273,,414,12,433,277,468,892,11,7,400,28,2,727,14,,15,361,335,16,662,138,,11,,9,,711,130
2005-07-10,234,,512,21,350,259,467,812,7,6,407,27,2,690,13,,16,346,291,14,621,127,,9,,10,,712,118
2005-07-17,237,,485,24,307,259,472,639,8,9,442,27,2,748,14,,15,375,296,13,600,125,,10,,9,,697,124
2005-07-24,227,,462,18,346,245,481,732,4,10,396,29,2,664,14,,15,408,246,12,591,112,,10,,10,,695,159
2005-07-31,210,,479,24,349,289,456,705,4,9,497,29,2,690,13,,18,404,281,12,628,113,,11,,10,,693,175
2005-08-07,202,,455,22,337,292,449,745,3,10,505,28,2,698,12,,19,462,309,12,604,110,,9,,9,,710,154
2005-08-14,208,,518,18,381,281,437,665,3,11,503,27,2,641,14,,18,402,339,12,675,105,,15,,9,,739,162
2005-08-21,234,,512,25,492,286,430,835,3,9,536,28,2,641,14,,20,388,358,12,646,109,,14,,7,,787,180
2005-08-28,218,,514,31,566,289,500,936,3,9,536,28,1,630,13,,26,357,391,12,662,111,,18,,9,,772,178
2005-09-04,188,,527,35,509,261,506,1050,3,13,538,27,1,811,17,,29,321,403,14,662,127,,11,,10,,881,145
2005-09-11,195,,525,40,420,271,513,1169,3,17,587,29,1,786,18,,29,307,379,23,713,164,,18,,11,,1053,143
2005-09-18,194,,671,39,385,258,552,1424,3,43,787,32,2,855,27,,35,304,320,37,683,176,,26,,14,,1068,175
2005-09-25,230,,729,68,387,254,551,1642,3,50,916,34,2,845,24,,29,293,367,61,696,242,,33,,13,,1177,163
2005-10-02,191,,821,80,413,278,612,1758,4,76,1019,44,3,822,26,,27,321,349,75,775,300,,34,,19,,1364,175
2005-10-09,174,,890,88,422,271,824,1786,5,75,1075,60,4,877,30,,27,347,382,109,918,296,,41,,25,359,1504,155
2005-10-16,200,,867,98,422,276,857,2048,5,83,1169,76,6,948,27,,27,343,376,122,863,307,,41,,31,534,1532,179
2005-10-23,165,,793,113,533,266,937,2054,5,61,1082,78,11,1027,28,,34,324,407,88,870,329,,38,,36,672,1591,205
2005-10-30,169,,676,71,517,280,1027,2305,8,42,979,70,20,1180,30,,40,316,367,66,793,411,,29,,34,660,1858,167
2005-11-06,162,,836,99,426,278,1185,2131,6,64,1086,66,31,1294,30,,61,305,435,66,729,417,,28,,35,596,1778,133
2005-11-13,151,,725,166,385,295,1163,2433,6,72,1211,55,66,1279,28,,61,287,358,60,731,371,,33,3,26,540,1811,112
2005-11-20,147,,795,185,387,272,1189,2387,4,89,1243,52,66,1311,29,,72,278,315,57,700,316,,35,4,24,503,1640,99
2005-11-27,133,,827,192,452,228,1129,2134,3,83,1220,54,73,1304,31,,69,274,265,49,724,341,,30,3,27,461,1808,86
2005-12-04,112,,767,201,458,194,1032,2256,1,85,1228,59,79,1407,36,,63,287,304,53,877,362,,24,3,34,453,1806,90
2005-12-11,99,,923,168,365,188,1036,2321,2,98,1249,60,94,1393,33,,58,291,241,49,819,357,,25,3,30,432,2050,94
2005-12-18,94,,786,121,305,172,1038,2480,1,120,1193,57,141,1472,26,,54,271,202,51,778,415,,20,4,21,422,2494,92
2005-12-25,82,,796,119,294,175,1105,2697,2,120,1212,57,258,1540,24,,48,259,204,50,787,409,,26,4,24,411,2915,103
2006-01-01,87,163,786,117,250,192,1120,2915,1,127,1289,52,310,1397,23,17,46,251,218,54,831,436,,23,3,42,404,2522,103
2006-01-08,85,174,873,151,247,176,1302,2356,2,106,1227,60,431,1383,34,10,37,257,227,54,802,362,,34,3,33,385,2098,95
2006-01-15,91,136,920,131,247,182,1360,2223,2,96,1113,60,658,1475,31,11,43,260,213,51,789,327,1835,26,3,28,366,1998,84
2006-01-22,83,121,840,119,234,166,1357,2295,3,131,1129,61,953,1310,34,8,40,262,201,55,793,313,1866,32,4,38,359,2137,81
2006-01-29,105,127,824,163,228,159,1163,2401,2,242,1180,67,1070,1222,39,8,60,258,194,57,744,304,1991,25,5,39,358,2155,81
2006-02-05,97,164,854,245,202,165,1305,2587,1,262,1175,61,806,1169,52,9,91,245,192,55,742,329,2169,46,6,64,337,2221,80
2006-02-12,90,157,884,297,197,171,1326,2503,2,221,1126,75,546,1064,70,11,85,224,211,63,753,344,1958,41,11,75,329,2437,75
2006-02-19,91,197,845,326,250,196,1156,2793,3,172,1162,92,327,1137,66,9,75,222,258,79,768,413,2380,59,7,97,340,2567,85
2006-02-26,95,235,928,263,308,208,1069,3310,4,117,1162,121,156,1131,72,21,61,210,207,93,698,436,2244,87,9,129,343,2564,87
2006-03-05,109,278,909,252,373,223,913,3533,3,75,1129,125,100,1069,61,20,43,196,247,116,756,434,2179,136,9,139,338,2457,81
2006-03-12,120,305,1021,217,428,245,1057,2843,4,65,1047,131,54,1088,61,14,42,207,232,150,813,486,2160,132,7,148,370,2170,79
2006-03-19,121,261,1054,193,443,246,1033,2752,6,61,1043,141,34,1038,62,16,42,219,229,130,849,509,2199,114,5,138,411,2057,83
2006-03-26,143,297,916,147,431,262,1200,2326,6,34,899,128,20,950,53,13,42,209,210,116,866,442,2782,98,5,86,412,1896,90
2006-04-02,169,356,851,81,402,253,1075,2169,6,32,836,105,11,980,31,18,33,202,256,115,887,389,2312,51,4,48,412,1574,95
2006-04-09,130,324,699,62,431,275,896,1854,5,22,729,85,8,880,25,13,31,207,235,82,893,316,2343,37,4,33,386,1363,88
2006-04-16,152,281,621,53,509,289,812,1769,6,18,665,70,7,933,24,16,29,237,331,57,796,253,2241,33,3,25,366,1191,86
2006-04-23,166,319,562,38,454,311,768,1632,5,16,604,61,7,844,20,14,25,287,311,43,760,211,2398,31,3,15,343,1090,89
2006-04-30,185,367,506,45,499,325,743,1445,4,12,542,52,8,855,17,19,22,253,334,37,732,187,2573,29,2,14,325,1060,91
2006-05-07,172,316,565,43,491,339,771,1276,4,12,541,45,7,869,15,16,17,255,358,32,723,191,3048,25,1,14,307,1003,120
2006-05-14,183,382,570,45,561,376,864,1173,6,8,497,42,6,909,15,21,16,287,394,28,729,189,3212,23,1,12,285,939,133
2006-05-21,205,432,553,29,513,406,811,1172,4,9,508,39,6,894,13,31,14,276,376,24,796,258,3975,24,1,10,269,927,151
2006-05-28,207,425,522,39,513,432,717,1078,5,11,573,39,6,823,16,26,14,281,364,23,694,254,4159,19,1,9,255,884,165
2006-06-04,211,406,539,36,625,390,705,940,5,9,603,40,7,776,14,36,15,313,304,23,668,264,4707,20,1,9,249,818,158
2006-06-11,219,410,529,30,501,370,688,951,5,7,508,43,13,815,15,28,15,344,355,21,705,232,4619,20,2,10,239,775,147
2006-06-18,223,476,488,26,419,409,646,858,7,6,418,42,9,780,16,47,12,330,316,19,678,250,3571,18,1,8,228,729,135
2006-06-25,243,523,513,14,335,378,710,752,8,5,367,42,6,770,17,80,11,335,313,19,622,241,3344,17,1,8,221,706,155
2006-07-02,232,567,496,14,303,344,711,785,8,5,344,42,5,660,13,102,10,340,296,17,641,206,4091,13,1,8,216,735,188
2006-07-09,261,512,454,15,281,317,667,786,10,5,338,40,5,759,17,83,10,454,328,16,631,178,3623,10,1,8,207,717,177
2006-07-16,272,621,499,7,286,302,666,724,11,6,329,39,3,753,14,55,9,549,278,15,595,146,3225,19,1,9,204,695,179
2006-07-23,252,670,483,11,343,288,641,707,8,5,313,40,3,774,14,68,8,488,251,14,582,143,3205,14,1,10,201,695,177
2006-07-30,215,742,374,9,381,284,564,744,7,6,332,39,3,737,15,73,8,423,260,13,552,136,2975,17,1,10,206,677,183
2006-08-06,238,765,385,9,347,291,530,736,9,7,387,42,2,790,16,59,8,387,268,13,580,140,3130,16,1,8,207,681,194
2006-08-13,228,796,449,14,359,298,480,774,10,9,443,50,2,713,15,60,10,379,287,12,605,163,3062,16,1,10,203,717,194
2006-08-20,250,704,517,16,477,312,471,752,8,8,502,49,2,731,16,58,11,420,337,12,650,145,3002,20,1,10,205,741,181
2006-08-27,271,749,520,16,425,281,466,801,6,8,595,48,1,786,19,54,12,486,338,11,627,171,2950,21,1,12,212,760,175
2006-09-03,234,570,505,21,346,271,447,931,6,9,615,47,1,856,21,52,19,531,372,10,613,190,2798,13,2,16,222,861,178
2006-09-10,234,507,481,33,342,300,502,1118,7,12,644,43,2,909,28,44,23,596,364,12,639,243,3332,16,2,18,251,965,180
2006-09-17,232,457,607,41,350,267,524,1427,6,16,675,44,3,994,28,35,28,566,370,22,660,320,3072,26,2,15,278,1101,197
2006-09-24,227,356,647,31,393,245,580,1627,5,23,677,48,3,970,23,37,24,469,337,44,709,349,2687,33,2,13,321,1133,173
2006-10-01,200,274,667,36,410,228,670,1770,4,31,729,46,4,988,22,21,26,400,359,49,709,341,2390,32,2,15,343,1178,157
2006-10-08,191,281,684,58,405,226,757,1758,4,35,855,45,4,1158,24,13,24,363,326,52,735,343,2650,42,2,19,350,1230,152
2006-10-15,182,253,802,65,391,250,751,1864,5,48,975,47,6,1181,25,12,25,330,338,61,869,358,2596,48,2,19,379,1297,141
2006-10-22,167,219,656,63,419,260,897,2003,4,40,883,48,9,1163,23,14,26,305,300,76,851,410,2298,35,2,19,443,1445,135
2006-10-29,174,222,646,47,431,247,1073,2048,4,39,918,57,13,1171,24,21,25,285,284,70,726,379,1857,33,2,23,476,1577,129
2006-11-05,160,184,781,65,417,264,1010,2088,4,43,1044,54,20,1319,25,13,23,277,282,57,786,340,2125,36,2,25,525,1636,120
2006-11-12,180,211,749,72,367,257,944,2228,5,41,1044,56,29,1372,26,11,23,259,287,50,827,305,2256,38,3,21,497,1758,110
2006-11-19,165,178,845,96,389,251,857,2334,3,56,1037,54,37,1409,25,15,23,263,298,47,850,319,2019,39,3,32,465,1595,126
2006-11-26,141,130,785,84,361,221,944,2418,4,63,985,65,41,1464,27,11,24,242,301,46,873,339,2376,35,2,31,464,1889,126
2006-12-03,109,128,693,83,332,184,1019,2520,3,72,1006,62,41,1615,28,9,22,234,258,46,920,320,2141,34,2,27,443,1886,111
2006-12-10,109,113,803,83,312,167,1090,2717,2,85,1046,63,37,1725,30,6,25,214,227,45,962,342,1928,50,3,26,421,2079,110
2006-12-17,93,121,791,85,267,151,1251,3008,2,120,1036,64,30,1654,27,7,22,202,192,42,1085,338,1626,32,2,27,418,2305,96
2006-12-24,87,165,793,109,235,156,1318,3302,3,198,1022,76,26,1740,27,15,21,197,177,36,1256,330,1786,64,2,32,427,2547,88
2006-12-31,80,136,858,96,208,158,1291,3722,3,209,1106,108,26,1617,29,12,24,192,193,37,1293,329,2284,109,5,47,425,2419,82
2007-01-07,82,128,964,113,197,157,1841,3099,2,169,1030,122,26,1987,32,6,39,181,209,41,1270,337,2046,130,3,45,407,2082,75
2007-01-14,94,109,869,113,186,168,2845,2748,2,155,910,158,38,3041,28,7,38,181,237,49,1261,300,1714,169,3,65,372,1968,73
2007-01-21,100,99,1070,137,224,159,3592,2844,2,191,1014,190,62,2911,32,4,73,177,208,54,1358,332,1844,188,4,90,365,2182,72
2007-01-28,106,105,1250,294,248,167,2714,2965,2,386,1139,229,114,2538,37,3,133,178,183,67,1497,330,1662,279,5,188,418,2409,71
2007-02-04,108,134,1348,531,232,165,1953,3309,2,567,1381,322,210,2229,46,4,199,182,209,136,1174,408,1797,303,5,322,775,2806,73
2007-02-11,104,138,1453,976,225,197,1540,3456,2,481,1615,268,332,2057,55,4,256,192,188,141,1029,447,2136,161,9,395,1107,2970,72
2007-02-18,111,163,1607,900,208,224,1150,3340,2,212,1982,229,478,2096,85,6,295,237,215,194,983,606,2414,97,11,339,1175,2941,74
2007-02-25,102,193,1469,530,245,237,957,3006,2,77,1922,167,655,1939,97,7,149,275,199,216,949,761,1858,52,19,183,1111,2641,76
2007-03-04,98,222,1207,196,300,230,809,2845,2,37,1592,100,748,1777,79,8,85,299,195,232,925,612,2002,41,26,131,708,2424,77
2007-03-11,118,242,1053,110,369,231,709,2311,4,23,1258,71,750,1678,60,7,57,323,199,159,897,432,2338,34,14,61,517,2086,96
2007-03-18,125,235,901,94,425,240,753,1847,3,23,1110,66,884,1555,46,8,38,310,227,116,817,327,2198,40,5,45,443,1893,98
2007-03-25,131,281,783,66,444,252,688,1618,3,18,960,60,684,1485,40,9,29,322,233,87,745,359,2124,35,4,30,379,1604,120
2007-04-01,129,191,686,45,418,241,653,1588,5,19,799,52,320,1159,31,13,25,313,263,61,789,294,2220,36,3,22,329,1375,117
2007-04-08,138,232,643,48,411,268,548,1744,6,16,747,50,195,1207,31,13,21,301,285,51,751,249,2508,35,3,15,299,1372,124
2007-04-15,158,314,631,41,517,267,617,1513,9,11,648,48,117,1174,21,12,16,322,314,40,729,236,2221,29,2,11,297,1243,114
2007-04-22,180,274,609,40,513,261,630,1326,8,5,560,44,93,1112,19,20,17,337,315,36,692,364,1944,23,2,9,323,1080,107
2007-04-29,182,340,524,32,521,306,662,1258,9,6,468,43,52,1081,17,19,16,398,285,32,662,318,2628,21,1,10,304,980,101
2007-05-06,219,362,544,37,423,332,568,1188,9,6,524,43,23,1040,17,13,17,427,299,26,709,259,2928,26,1,11,287,931,109
2007-05-13,265,382,512,37,421,362,602,1054,16,6,520,43,14,1071,16,32,15,395,289,22,672,232,2821,24,1,13,250,878,127
2007-05-20,319,480,563,38,401,365,605,920,23,7,503,43,8,1059,18,17,15,384,301,21,646,221,2947,22,1,14,226,850,175
2007-05-27,339,477,505,25,477,377,584,947,37,9,486,45,7,1010,17,31,14,374,307,19,600,200,3481,18,1,14,210,840,195
2007-06-03,380,520,513,29,437,362,631,760,63,9,436,47,5,990,17,32,14,454,319,16,580,175,3235,20,1,16,194,774,219
2007-06-10,373,578,521,24,524,406,599,776,68,7,415,47,4,949,17,29,15,480,303,16,589,132,3367,19,1,14,190,764,218
2007-06-17,344,607,461,15,510,387,569,783,58,7,408,43,3,873,16,47,13,483,284,14,602,125,2954,12,1,10,190,748,237
2007-06-24,372,632,493,14,438,349,509,770,34,7,438,45,3,815,17,41,11,440,272,13,584,139,3329,12,1,12,194,720,201
2007-07-01,379,1065,453,15,368,315,452,743,28,6,476,41,2,810,17,57,10,449,280,11,574,149,3146,12,1,13,196,708,179
2007-07-08,339,1300,535,23,319,288,403,778,23,7,542,38,2,830,15,62,9,490,259,11,557,126,3580,8,1,13,197,701,221
2007-07-15,379,1495,486,18,352,265,375,616,18,6,461,35,2,847,16,76,9,533,240,10,530,134,3665,12,1,15,195,705,294
2007-07-22,346,1566,516,18,355,256,346,635,11,7,422,36,2,795,16,75,9,483,261,10,507,123,3743,13,1,12,195,699,290
2007-07-29,285,2027,456,14,345,251,343,588,6,5,446,36,2,822,12,74,8,435,229,9,526,121,3816,10,1,11,193,705,232
2007-08-05,293,2680,462,12,393,254,343,648,7,7,385,34,2,820,12,72,9,378,255,9,604,149,3889,11,1,8,209,723,219
2007-08-12,287,2854,431,10,441,278,366,590,7,7,387,33,2,782,15,87,9,352,256,8,650,152,4253,14,1,8,237,744,210
2007-08-19,256,1993,486,15,588,287,344,668,7,7,429,32,2,731,14,72,10,347,268,8,606,148,3900,16,1,9,260,763,230
2007-08-26,269,1345,463,16,585,285,370,740,7,6,490,31,2,809,15,73,14,347,276,8,560,143,3648,15,1,12,272,809,221
2007-09-02,239,847,529,18,384,262,350,832,6,8,602,28,2,957,21,62,17,339,312,9,554,178,3293,13,1,16,300,903,196
2007-09-09,188,685,564,30,355,283,347,933,6,11,717,33,2,1070,27,53,18,327,342,12,609,255,3002,17,2,18,367,957,164
2007-09-16,175,574,739,55,388,288,396,1274,8,21,865,54,2,1165,27,45,22,305,336,26,658,452,2896,20,2,23,460,1041,144
2007-09-23,191,499,756,70,420,256,408,1379,5,45,872,61,3,1160,28,32,23,289,313,56,777,427,2801,30,2,30,460,1082,133
2007-09-30,180,392,840,80,401,250,475,1465,4,50,861,63,4,1183,30,19,24,264,308,55,827,406,2291,30,2,26,416,1180,126
2007-10-07,171,379,796,80,439,239,504,1340,5,56,1039,69,6,1255,30,23,22,243,299,49,765,405,2553,36,3,21,428,1210,128
2007-10-14,162,371,820,70,467,252,585,1513,4,55,1016,52,9,1198,24,22,34,233,318,46,862,410,2251,43,2,21,516,1326,138
2007-10-21,171,276,806,95,414,244,688,1504,4,68,1061,50,13,1236,28,14,36,238,323,53,786,360,2655,32,2,30,462,1377,136
2007-10-28,174,285,712,62,345,236,666,1628,5,57,978,52,22,1329,28,15,27,219,283,59,821,381,2343,29,2,20,397,1512,135
2007-11-04,165,224,749,90,329,238,662,1717,4,77,1110,40,34,1423,31,11,27,249,312,60,786,350,2083,36,2,32,480,1594,133
2007-11-11,152,202,807,97,337,219,711,1896,3,77,1111,45,65,1429,29,11,28,256,291,52,755,364,1968,37,3,24,500,1644,127
2007-11-18,149,202,825,122,319,241,743,1972,3,76,1166,57,98,1516,35,9,39,260,311,45,761,417,1839,47,2,33,512,1465,110
2007-11-25,144,172,882,151,318,222,910,1911,2,92,1156,67,131,1514,34,7,39,271,275,49,700,379,1755,49,2,33,465,1700,113
2007-12-02,123,156,897,154,318,196,873,1949,2,109,1064,67,225,1527,38,7,43,263,251,48,759,404,2014,62,3,39,497,1632,110
2007-12-09,108,123,1010,127,286,184,769,2156,2,125,1113,80,281,1717,42,6,38,238,249,47,754,510,1838,77,4,57,491,1618,120
2007-12-16,96,152,1052,98,261,173,812,2390,3,181,1163,120,338,1718,37,9,32,215,215,50,772,511,1725,115,3,63,471,1709,107
2007-12-23,91,131,1025,124,242,178,887,2883,2,253,1132,221,401,1854,44,4,32,198,184,47,797,436,1944,300,2,107,495,1954,101
2007-12-30,78,141,1241,156,229,186,1295,3058,3,330,1297,293,246,1649,51,9,43,183,186,48,881,505,1915,336,4,240,398,2278,92
2008-01-06,93,167,1395,210,232,182,1293,2728,2,339,1267,344,283,1948,61,10,44,171,201,67,956,479,1630,242,3,310,440,2199,82
2008-01-13,89,108,1638,177,239,172,1618,2474,2,457,1131,595,351,2907,60,8,47,166,179,82,1060,369,1799,144,3,389,446,2230,80
2008-01-20,93,107,1750,187,248,173,1709,2494,2,402,1121,581,426,2579,62,7,61,165,170,109,1183,486,1777,98,4,379,512,2921,76
2008-01-27,89,126,1660,179,225,168,1410,2668,1,424,1179,493,498,2218,69,10,79,155,176,98,1305,669,1874,73,7,291,621,3880,76
2008-02-03,89,141,1512,175,213,177,1357,2826,2,406,1461,332,402,1924,80,7,86,146,190,109,1158,552,2044,75,8,193,784,4928,73
2008-02-10,91,144,1234,251,207,192,1065,2786,2,298,1599,219,292,1691,82,9,93,155,189,97,974,776,2116,72,9,157,879,5352,80
2008-02-17,97,185,1117,293,236,193,873,3010,2,211,1594,196,234,1699,89,16,96,173,203,136,970,883,2362,71,8,140,903,5805,75
2008-02-24,98,206,1015,275,299,221,1151,3080,2,103,1366,111,182,1615,69,12,59,208,203,126,900,950,2203,48,6,100,785,5050,77
2008-03-02,92,269,897,215,340,234,907,3052,2,66,1142,120,141,1524,52,14,56,238,198,128,849,755,2161,30,6,91,616,4059,78
2008-03-09,126,293,849,154,341,237,937,2808,2,36,1053,104,99,1380,42,16,47,283,192,99,837,694,2029,26,6,76,550,3229,86
2008-03-16,151,214,810,118,383,247,920,2520,4,35,885,94,64,1203,35,14,43,279,209,85,876,626,1973,26,4,54,478,2592,88
2008-03-23,145,258,817,96,412,272,832,2469,5,38,860,113,34,1165,39,17,39,285,212,71,982,456,2369,27,5,59,403,2172,96
2008-03-30,150,252,867,81,490,288,897,2365,6,33,762,103,19,1091,36,17,42,283,228,78,903,470,2428,20,5,41,367,1776,99
2008-04-06,161,288,842,75,387,284,848,2202,6,26,734,83,14,1054,34,16,43,257,246,63,861,443,2438,19,4,33,315,1508,100
2008-04-13,174,325,773,66,406,296,677,1874,13,23,708,60,15,1001,31,17,48,252,264,49,771,374,2506,17,2,23,300,1331,105
2008-04-20,188,323,711,69,429,291,551,1679,27,16,751,50,12,1006,28,17,38,262,284,40,690,336,2499,17,2,19,281,1180,115
2008-04-27,173,448,650,52,409,287,471,1419,45,9,664,49,11,905,22,24,34,268,254,33,676,381,2450,13,2,16,279,1046,119
2008-05-04,186,472,645,51,376,318,421,1179,49,7,585,46,7,880,18,23,33,285,265,30,650,288,2485,14,2,13,250,947,127
2008-05-11,197,488,564,31,396,334,409,1089,41,6,464,48,6,851,14,20,27,300,226,26,612,312,2697,15,2,10,237,922,129
2008-05-18,210,487,539,32,430,337,401,1002,25,6,465,43,5,849,15,27,21,336,273,23,602,283,2465,16,1,9,219,873,133
2008-05-25,217,497,517,24,349,361,376,805,11,7,425,40,4,849,15,29,31,398,242,21,583,289,2706,11,1,10,210,828,139
2008-06-01,266,448,525,27,365,315,408,688,10,8,392,43,4,790,16,32,36,457,251,21,593,262,3121,11,1,10,217,770,147
2008-06-08,343,467,569,26,370,305,402,642,8,8,410,37,3,757,15,42,25,444,284,19,595,241,3497,8,1,12,209,727,157
2008-06-15,381,475,592,23,375,317,380,757,10,9,444,33,3,717,17,66,16,491,258,17,578,193,3771,8,1,19,201,713,177
2008-06-22,411,454,538,19,360,317,365,665,8,5,439,39,2,703,17,54,14,573,257,15,566,171,3691,8,1,16,190,662,185
2008-06-29,372,406,520,18,370,300,362,615,7,4,433,42,2,681,16,71,12,572,248,14,538,157,3758,7,1,14,189,646,196
2008-07-06,371,503,506,14,321,278,330,520,8,6,433,37,2,681,13,70,11,515,247,12,538,123,4149,8,1,10,177,665,209
2008-07-13,319,523,522,12,290,269,297,491,8,6,436,37,2,712,14,78,11,490,231,11,529,125,3806,7,1,8,168,638,210
2008-07-20,261,534,464,13,271,273,249,494,6,4,421,33,2,688,16,85,12,452,205,11,554,101,3971,8,1,7,174,627,208
2008-07-27,216,657,422,14,291,252,231,429,4,4,352,36,2,698,11,80,12,387,179,10,573,112,3874,7,1,10,181,634,200
2008-08-03,201,827,416,13,309,229,234,474,5,4,356,32,2,653,15,111,13,351,222,9,572,120,3594,8,1,11,196,648,179
2008-08-10,220,1396,390,14,322,240,246,577,5,5,348,32,2,633,15,120,13,305,222,9,574,118,3687,7,1,8,214,684,176
2008-08-17,210,1612,495,15,306,256,293,565,6,5,365,32,2,633,15,121,16,290,248,8,591,157,3494,8,1,8,215,710,169
2008-08-24,206,2282,450,17,316,255,304,711,6,4,424,36,1,707,20,102,24,282,260,8,580,225,3073,8,1,10,234,771,157
2008-08-31,193,2017,517,19,296,199,302,740,6,5,519,35,2,799,21,93,27,259,259,8,579,224,2849,6,2,13,287,903,156
2008-09-07,191,1340,570,30,298,243,340,914,6,9,620,39,2,865,27,75,32,281,293,9,566,342,2938,8,2,15,324,1009,146
2008-09-14,189,976,641,47,300,255,390,1205,6,20,816,57,2,914,28,57,35,317,269,21,612,466,2728,14,2,26,436,1114,149
2008-09-21,190,683,824,75,324,253,458,1463,5,40,915,70,3,953,25,52,33,313,275,68,741,505,2778,16,2,30,536,1221,140
2008-09-28,179,515,967,88,331,241,525,1422,5,39,922,67,5,1022,25,35,29,274,292,65,845,530,2375,27,2,31,516,1275,134
2008-10-05,182,389,944,82,347,211,735,1470,4,38,1021,58,7,1018,30,22,26,283,252,53,828,502,2680,30,2,27,469,1334,134
2008-10-12,157,371,886,83,300,233,769,1473,4,53,955,65,9,1035,26,27,27,246,243,46,867,461,2548,27,2,24,490,1404,115
2008-10-19,162,326,851,77,311,236,807,1576,4,48,942,71,12,1101,28,21,28,238,240,45,824,440,2005,19,2,23,457,1543,109
2008-10-26,154,317,861,71,359,226,750,1642,4,37,891,61,17,1142,28,19,35,223,247,43,816,411,2097,24,2,28,450,1659,96
2008-11-02,154,275,803,91,392,222,928,1767,4,33,930,51,23,1241,30,17,34,201,244,39,770,462,1825,19,3,25,452,1747,103
2008-11-09,138,284,858,80,324,213,814,1977,4,39,955,74,36,1254,33,19,30,198,243,36,752,444,1976,26,3,42,507,1953,95
2008-11-16,133,232,849,108,293,220,816,1999,3,40,1018,58,61,1285,32,15,29,207,229,37,767,452,1920,31,4,37,496,2194,99
2008-11-23,112,202,919,123,252,209,794,1947,3,54,1012,62,71,1297,32,12,42,200,238,43,784,391,2146,25,3,40,476,1969,89
2008-11-30,102,184,882,124,247,193,737,2047,3,70,1031,65,119,1376,37,9,53,196,206,61,728,495,2080,28,3,48,429,2045,80
2008-12-07,102,144,927,149,249,175,750,2101,3,115,1165,72,183,1471,45,13,63,193,197,71,739,506,1928,45,5,42,417,1938,77
2008-12-14,102,139,1086,131,224,153,741,2133,2,218,1401,69,308,1535,54,10,101,181,184,67,713,483,2096,73,6,54,427,1870,73
2008-12-21,84,141,1085,109,187,140,650,2246,2,377,1315,76,397,1450,66,10,129,173,152,71,743,437,2126,194,7,71,441,1942,70
2008-12-28,89,174,1384,173,179,145,660,2547,2,598,1685,87,414,1424,81,15,236,163,167,100,809,449,1785,420,14,213,407,2100,71
2009-01-04,98,157,1681,308,168,148,1000,2596,2,569,1862,95,477,1441,106,13,236,152,178,120,804,499,1783,267,17,293,410,2133,76
2009-01-11,88,126,2138,665,192,140,1001,2439,2,770,1856,108,739,1975,153,8,230,144,166,179,894,407,1766,223,17,476,393,1971,75
2009-01-18,90,102,2602,1089,226,137,949,2475,2,755,1995,218,1128,2092,184,6,202,135,170,357,925,450,1609,132,23,578,434,2191,73
2009-01-25,89,90,2507,1008,222,143,1183,2818,2,407,1930,341,1376,1925,139,6,160,130,168,432,972,536,1475,72,27,527,482,2555,71
2009-02-01,88,91,1941,797,218,142,1046,2951,1,194,1864,473,1047,1712,103,6,146,127,160,347,920,648,1989,37,19,385,590,3116,66
2009-02-08,86,98,1434,438,204,149,912,3082,1,91,1603,472,695,1620,69,6,108,126,152,228,887,754,2182,28,11,200,607,3484,64
2009-02-15,84,124,1176,243,199,164,793,3308,1,56,1370,412,379,1578,56,12,110,126,148,143,883,880,2490,30,9,132,681,3499,63
2009-02-22,91,145,1095,140,215,176,884,3299,1,42,1222,393,311,1503,49,12,83,132,141,97,950,1006,2154,29,5,113,760,3447,62
2009-03-01,89,188,1141,113,256,193,932,3057,1,26,1142,349,284,1542,45,14,53,139,162,94,1026,975,2066,29,6,76,753,3220,62
2009-03-08,98,218,960,84,301,192,916,2609,2,23,1000,214,284,1443,35,12,54,142,169,76,1047,907,2584,23,3,71,717,2711,66
2009-03-15,119,211,842,76,310,202,806,2294,3,18,882,200,251,1257,32,16,53,158,178,66,990,718,2515,20,3,61,618,2348,65
2009-03-22,118,204,809,63,307,213,761,2120,4,20,838,171,149,1185,26,18,43,182,178,58,987,565,2420,19,3,48,523,2021,75
2009-03-29,113,227,722,54,383,215,686,1844,4,16,739,114,83,1102,23,13,47,199,188,46,994,453,2498,12,3,36,431,1699,79
2009-04-05,117,188,616,54,413,202,547,1604,5,12,611,79,64,956,22,14,37,213,197,39,830,428,2591,16,2,25,390,1462,81
2009-04-12,129,188,584,39,402,224,500,1542,5,10,557,55,55,913,19,15,33,217,213,33,733,448,2453,15,2,16,373,1378,87
2009-04-19,138,239,566,37,352,237,482,1684,8,8,539,38,48,998,17,19,29,221,233,29,746,390,2524,14,2,16,378,1381,99
2009-04-26,154,429,665,68,438,258,649,2342,11,12,516,57,105,1207,33,35,43,281,250,157,749,533,3069,40,8,52,449,2129,133
2009-05-03,166,402,624,56,387,270,546,2326,11,14,530,63,122,870,29,31,45,315,231,88,708,442,2809,33,4,38,355,1885,135
2009-05-10,164,438,597,63,372,279,420,2247,12,12,533,43,128,876,22,30,45,320,246,50,703,353,3326,18,3,18,289,1818,128
2009-05-17,166,504,516,56,398,275,394,1853,19,8,476,40,212,801,18,38,45,331,247,39,650,283,3473,17,2,20,259,1892,129
2009-05-24,190,849,517,35,376,268,414,1661,25,6,460,41,123,758,15,42,35,335,247,30,651,270,3644,17,2,15,244,1760,147
2009-05-31,232,986,510,31,342,244,363,1607,39,6,431,43,53,794,14,53,23,359,218,25,665,263,4172,13,2,14,243,1743,156
2009-06-07,308,1056,514,24,353,231,329,2116,67,7,426,40,45,840,19,91,24,444,218,22,664,204,4406,13,2,16,220,1907,127
2009-06-14,399,1176,511,31,398,258,356,1937,113,8,443,40,40,787,28,139,27,508,236,20,628,217,3929,10,2,14,216,1895,134
2009-06-21,431,1271,503,19,327,261,356,1563,216,7,409,34,27,740,24,159,27,487,242,19,577,196,4000,8,2,13,201,1686,190
2009-06-28,442,1562,480,14,289,256,285,1197,213,7,352,34,28,702,21,262,25,596,251,18,546,184,3559,15,1,16,187,1490,282
2009-07-05,324,1590,482,38,266,250,267,1199,124,7,358,38,27,685,21,266,21,825,267,18,560,162,3446,14,1,23,197,1337,256
2009-07-12,238,1589,499,101,247,277,248,1175,45,11,370,37,32,705,31,190,32,606,256,17,547,204,3231,31,3,28,214,1278,271
2009-07-19,158,1316,482,69,284,305,269,1137,16,20,414,55,31,689,40,155,67,498,213,16,535,168,3256,52,6,60,225,1257,204
2009-07-26,170,1115,503,80,325,331,307,1151,8,23,447,60,42,669,47,120,124,420,181,16,550,205,4079,39,5,83,254,1324,156
2009-08-02,153,869,491,89,317,373,327,973,8,16,389,56,69,663,58,100,135,413,191,17,551,216,5780,39,2,86,271,1276,139
2009-08-09,149,657,467,68,302,360,342,1015,8,15,381,49,102,643,50,76,117,353,205,18,569,234,6514,57,3,114,299,1302,138
2009-08-16,159,615,470,50,284,328,324,1121,8,20,368,67,170,653,49,64,211,332,203,18,589,224,5529,61,4,80,323,1481,132
2009-08-23,166,472,489,62,303,284,300,1309,7,43,390,56,250,677,49,62,267,344,215,20,591,264,4987,99,8,60,332,1915,122
2009-08-30,150,365,466,62,281,273,310,1584,7,53,449,51,329,810,54,56,264,305,233,21,581,310,3958,87,26,52,356,2498,120
2009-09-06,144,385,576,106,289,234,339,2071,6,112,564,112,364,1003,62,48,214,283,240,25,590,419,3249,49,20,54,438,3361,122
2009-09-13,145,299,598,135,257,217,354,2621,5,150,661,147,404,1135,68,43,131,246,216,48,621,478,2805,51,10,67,484,3790,116
2009-09-20,145,218,687,137,257,199,397,3360,7,113,697,152,436,1188,59,43,94,260,230,75,685,609,2538,93,7,53,562,4254,109
2009-09-27,149,193,760,158,291,186,611,3718,6,130,805,130,407,1178,54,39,77,248,212,68,723,583,2624,111,5,43,590,4926,99
2009-10-04,142,213,877,200,271,177,739,4154,6,102,915,116,539,1175,52,35,87,264,202,54,737,526,2284,137,4,46,565,5424,108
2009-10-11,144,242,812,318,271,167,875,5111,6,81,993,102,795,1131,55,39,98,249,213,50,776,570,2168,126,6,50,564,6037,111
2009-10-18,141,203,828,591,241,175,966,6799,4,111,1028,97,950,1106,71,38,236,216,208,58,808,666,2306,161,10,57,671,7112,113
2009-10-25,141,193,922,866,223,167,1494,9688,5,161,1099,97,1137,1123,123,30,535,189,216,79,878,946,2575,268,13,63,868,6533,103
2009-11-01,125,167,1108,517,246,158,2569,9630,5,131,1396,167,1121,1242,168,26,751,177,213,203,988,1380,2228,313,34,140,1240,5722,90
2009-11-08,123,144,1443,327,256,154,2368,6504,5,163,1687,233,1076,1307,199,22,618,162,204,251,1034,1742,2134,304,51,204,1062,4468,81
2009-11-15,117,158,1524,200,238,144,1260,4316,4,385,1568,314,919,1334,151,26,324,156,199,486,1036,1649,2027,348,41,262,716,3587,78
2009-11-22,97,118,1418,131,209,146,1025,3055,3,801,1305,312,1007,1370,99,21,152,153,192,410,1151,1383,1960,181,15,231,513,2655,72
2009-11-29,88,96,1229,105,191,132,801,2489,3,874,1042,356,753,1335,56,17,110,147,188,273,1110,994,1723,84,7,189,459,2560,68
2009-12-06,83,90,1074,100,176,121,707,2134,3,641,982,318,577,1376,52,18,108,141,167,194,1088,702,1895,50,5,186,654,2190,64
2009-12-13,87,80,1036,79,168,122,807,2077,2,424,955,243,466,1398,42,14,63,131,151,124,1030,621,1917,45,3,153,919,2032,62
2009-12-20,63,72,857,67,144,110,808,1957,1,203,783,229,472,1360,26,12,42,131,109,83,897,605,1722,24,2,124,889,2055,57
2009-12-27,64,68,768,59,131,117,863,2199,2,148,865,152,333,1478,25,14,36,126,121,67,825,492,1923,37,3,59,759,2199,54
2010-01-03,62,75,735,81,126,120,770,2176,1,130,877,108,350,1435,31,13,55,118,122,59,880,554,1643,20,4,45,552,2169,56
2010-01-10,62,61,735,61,123,114,697,1683,1,82,769,100,273,1518,29,9,42,108,119,51,848,526,1628,17,2,30,414,1916,54
2010-01-17,67,57,757,59,129,109,620,1695,1,51,767,91,236,1713,28,8,60,108,113,44,760,524,1632,12,2,27,397,1860,53
2010-01-24,67,53,704,64,136,109,560,1619,1,48,880,96,171,1781,30,8,45,100,125,40,703,615,1670,11,3,33,398,1861,51
2010-01-31,65,71,757,63,134,114,585,1757,1,42,877,72,110,1527,28,11,48,95,115,36,645,640,1730,13,3,31,385,1910,53
2010-02-07,70,84,796,65,141,120,600,1736,1,35,931,68,74,1567,29,10,44,96,117,34,620,719,1915,10,3,29,403,1944,56
2010-02-14,68,93,844,48,145,130,567,1717,2,26,946,78,51,1599,29,10,64,96,121,35,640,720,2019,11,3,26,417,2000,57
2010-02-21,71,136,854,55,156,145,592,1751,1,19,979,61,37,1627,25,12,58,104,122,33,648,646,1967,9,2,21,391,1968,58
2010-02-28,70,138,742,46,164,152,548,1748,1,15,826,46,21,1739,19,12,54,108,121,31,657,527,1991,8,2,16,361,1888,56
2010-03-07,71,167,708,52,186,175,584,1725,1,13,784,52,17,1667,22,16,50,133,135,28,680,477,2153,10,2,15,381,1793,54
2010-03-14,92,174,688,54,210,172,616,1523,2,11,699,54,13,1515,23,15,52,149,151,27,667,470,2138,8,3,14,334,1619,58
2010-03-21,98,158,640,47,250,171,476,1404,3,9,627,53,10,1351,20,17,49,174,160,25,669,421,2044,8,3,12,308,1511,63
2010-03-28,95,122,510,34,258,166,397,1255,4,9,515,37,8,1037,16,17,29,188,151,22,618,389,2288,5,2,10,288,1350,70
2010-04-04,109,125,500,26,285,193,385,1160,4,8,498,32,6,917,17,12,36,213,162,20,598,419,2224,8,2,10,254,1257,79
2010-04-11,114,167,514,25,299,210,366,1077,5,7,497,31,6,1009,16,16,26,262,187,18,573,456,2350,6,2,9,256,1123,82
2010-04-18,127,170,502,22,262,209,345,1005,5,5,490,42,7,890,14,19,28,259,193,16,588,469,2417,5,2,7,269,1110,86
2010-04-25,142,211,530,24,250,200,379,966,6,4,472,46,7,907,14,19,34,223,199,14,604,521,2747,5,2,6,294,1149,89
2010-05-02,134,214,490,27,246,196,390,854,5,5,490,43,7,850,13,28,53,216,175,13,576,484,2799,6,2,6,279,1088,104
2010-05-09,163,280,460,31,260,214,334,868,6,6,508,40,6,811,14,25,59,229,186,13,527,408,3065,6,1,7,232,1060,102
2010-05-16,180,316,527,35,255,232,309,833,7,7,594,42,7,817,14,20,54,237,186,13,519,356,3178,8,1,10,218,1042,101
2010-05-23,186,319,506,26,271,226,314,715,7,5,491,50,6,775,11,28,36,229,195,12,557,305,3121,7,1,8,226,989,97
2010-05-30,186,230,462,22,239,212,306,641,7,4,424,44,5,778,12,26,32,246,187,12,537,295,2687,6,1,5,205,965,108
2010-06-06,196,337,466,16,314,223,304,570,7,3,365,37,5,715,12,37,29,248,190,12,525,276,3117,4,1,6,190,858,112
2010-06-13,210,307,419,12,286,228,282,592,7,3,346,31,4,677,11,41,22,228,198,12,507,272,3071,4,1,9,171,808,107
2010-06-20,207,281,441,11,268,225,270,546,7,3,354,27,4,687,12,31,24,216,188,11,475,249,3322,4,1,6,187,786,107
2010-06-27,211,265,420,7,229,203,244,445,8,2,306,29,4,630,10,45,23,192,178,10,447,223,3300,3,1,7,180,765,101
2010-07-04,187,245,411,7,208,189,243,561,9,2,281,32,3,615,11,52,24,192,175,9,446,213,3096,3,1,7,187,760,102
2010-07-11,200,323,405,8,203,175,245,451,10,2,254,36,3,673,11,62,21,198,174,9,445,193,3281,3,1,8,189,752,103
2010-07-18,185,357,406,8,197,164,237,462,10,2,282,44,3,713,11,81,19,223,169,8,468,208,3177,3,1,8,207,737,105
2010-07-25,192,379,423,9,210,166,247,481,7,3,305,40,3,704,12,110,21,235,131,8,512,214,3403,4,1,7,244,744,117
2010-08-01,175,434,389,9,208,171,247,468,10,3,316,33,3,753,11,130,23,239,147,7,518,208,3969,4,1,7,269,757,122
2010-08-08,194,460,462,11,237,193,233,442,19,3,335,34,3,763,12,123,28,241,172,7,552,241,3732,4,1,9,312,754,131
2010-08-15,187,536,476,11,290,223,272,506,39,4,385,36,3,767,14,95,35,257,175,7,569,260,3772,7,1,9,337,804,152
2010-08-22,181,563,489,17,275,234,357,569,65,4,432,40,3,785,15,93,49,292,181,6,571,324,3446,7,2,13,370,846,162
2010-08-29,165,543,499,21,280,214,391,648,102,5,557,33,3,846,19,65,84,277,173,6,559,367,3106,6,2,16,388,924,172
2010-09-05,153,516,578,34,293,188,318,857,141,7,745,44,4,913,25,52,97,248,208,8,612,595,2970,7,2,17,489,1030,149
2010-09-12,143,471,678,54,259,188,283,1121,109,16,835,67,4,947,27,47,64,212,206,14,647,775,2710,6,2,21,615,1187,157
2010-09-19,138,405,768,72,275,176,382,1409,77,27,896,71,5,927,32,39,71,202,197,41,695,669,2312,9,2,21,613,1315,158
2010-09-26,150,367,867,74,278,156,470,1519,48,41,938,65,8,969,27,37,69,207,182,44,755,653,2508,15,2,26,539,1335,141
2010-10-03,155,316,827,65,312,145,496,1552,28,31,916,50,11,1055,28,29,55,204,168,38,742,603,2289,16,2,21,589,1430,139
2010-10-10,146,287,833,58,288,155,588,1486,16,29,927,56,12,1099,25,32,62,202,194,34,736,537,2165,14,2,19,553,1421,138
2010-10-17,154,240,755,61,336,167,673,1486,9,26,831,45,17,1105,23,25,59,202,193,34,720,511,2038,15,3,19,542,1566,135
2010-10-24,145,214,609,57,301,166,655,1419,8,21,791,57,18,1111,23,22,75,208,183,34,687,477,2063,15,2,19,488,1596,113
2010-10-31,149,221,598,48,239,163,631,1594,8,18,729,53,21,1165,22,23,91,195,191,31,673,419,2238,13,2,24,417,1685,107
2010-11-07,133,206,643,46,220,165,648,1613,6,15,771,62,37,1283,23,23,77,196,197,29,637,418,1934,12,3,20,414,1758,107
2010-11-14,139,180,658,54,217,161,685,1797,5,18,744,50,45,1365,25,16,75,203,188,28,681,393,1824,12,2,24,420,1864,104
2010-11-21,124,150,691,73,222,159,629,1815,5,28,807,55,44,1412,28,16,70,198,178,27,652,436,1817,16,2,27,493,1661,96
2010-11-28,106,124,722,102,205,148,548,1960,4,45,824,52,48,1478,30,16,71,188,166,29,634,495,1865,13,3,25,541,1960,88
2010-12-05,91,110,710,122,168,135,526,2174,3,56,895,68,51,1678,35,13,115,168,155,32,639,469,1867,20,2,28,626,1943,75
2010-12-12,90,102,776,171,150,135,633,2526,3,104,920,64,73,1906,42,11,194,158,132,38,681,493,1827,26,4,45,716,2113,72
2010-12-19,71,111,779,195,137,129,626,3062,3,165,896,73,103,1974,48,12,267,152,101,42,675,603,1855,54,3,60,799,2512,65
2010-12-26,70,100,849,333,122,137,698,3816,3,337,1076,84,133,1959,67,13,416,145,109,53,672,587,2059,209,5,139,751,2917,63
2011-01-02,67,118,930,551,123,136,1042,3924,2,490,1218,103,187,1604,105,9,522,148,110,97,723,890,1695,256,9,202,666,2978,62
2011-01-09,63,103,1089,482,119,128,1275,3448,2,431,1099,130,342,1436,107,10,625,140,108,159,789,808,1642,170,7,180,548,2726,62
2011-01-16,62,104,1244,326,118,121,1785,3350,2,368,1148,192,624,1470,97,10,601,130,106,187,832,914,1784,89,8,189,498,3089,59
2011-01-23,65,96,1447,291,112,121,2430,3162,1,331,1261,291,918,1576,82,9,423,130,106,200,932,1303,1776,69,7,190,517,3554,60
2011-01-30,67,92,1635,329,112,118,1754,2952,2,322,1469,426,985,1522,91,9,341,124,96,186,953,1737,2146,60,10,231,563,3601,58
2011-02-06,67,108,1510,286,123,122,1269,2735,2,234,1429,430,976,1434,68,10,232,122,96,183,955,1754,2311,61,16,219,580,3784,55
2011-02-13,67,134,1298,189,128,134,1269,2307,2,129,1244,316,565,1411,53,11,163,120,96,126,1046,1320,2232,40,15,158,581,4077,55
2011-02-20,62,154,1071,134,153,149,1140,2313,2,61,1095,226,372,1413,40,9,97,124,104,121,1143,1161,2004,27,14,99,637,3565,52
2011-02-27,62,192,972,116,186,150,938,2182,1,33,1037,182,268,1435,34,14,73,133,94,120,1088,976,2062,20,14,82,727,2980,53
2011-03-06,61,210,940,79,196,152,814,2023,2,20,1003,152,220,1472,31,14,59,153,102,102,1013,848,2126,18,10,69,683,2482,55
2011-03-13,77,198,911,80,247,169,627,1784,3,14,967,113,143,1327,33,19,48,192,124,74,970,679,1928,16,8,49,549,2076,55
2011-03-20,89,212,818,62,249,178,520,1665,5,12,798,81,150,1162,25,14,40,223,140,55,855,540,2058,12,6,41,425,1776,59
2011-03-27,104,201,704,58,251,180,424,1476,4,10,687,64,111,1036,21,17,37,235,157,42,790,496,2101,12,4,25,343,1589,67
2011-04-03,106,228,645,47,243,189,341,1348,4,8,625,49,82,949,20,18,36,249,144,32,731,439,2096,10,3,15,323,1405,79
2011-04-10,107,254,609,41,242,196,315,1172,5,6,596,49,73,861,17,16,25,275,150,27,679,437,2297,9,2,12,307,1228,85
2011-04-17,99,170,501,31,233,178,280,1097,5,4,465,40,72,746,15,19,18,255,152,23,617,396,2216,6,2,11,310,1126,75
2011-04-24,115,192,499,32,253,204,285,1011,6,3,398,38,78,735,12,18,20,255,163,21,614,378,2532,6,1,7,293,1055,75
2011-05-01,120,244,464,26,279,211,295,879,6,3,383,31,52,736,11,22,20,252,162,19,602,377,2700,6,1,9,267,1013,73
2011-05-08,126,275,443,24,291,224,318,766,7,2,327,31,29,675,13,23,18,225,169,17,589,345,3095,6,1,6,245,965,84
2011-05-15,134,315,482,25,297,234,303,775,9,2,328,29,19,708,13,24,27,212,185,16,577,317,3052,6,1,8,236,937,97
2011-05-22,137,299,414,23,314,239,273,683,8,2,321,30,14,683,13,28,40,230,182,14,584,275,3226,5,1,8,217,882,117
2011-05-29,154,349,390,21,272,239,277,625,10,2,284,28,11,669,12,34,34,231,175,14,583,239,3719,5,1,6,196,859,109
2011-06-05,162,364,401,17,291,222,249,606,10,3,287,23,7,675,12,45,35,237,167,12,566,200,4046,5,1,6,181,811,103
2011-06-12,173,381,390,16,291,226,227,518,10,2,265,25,6,630,11,42,21,234,172,11,532,175,4060,5,1,6,182,744,113
2011-06-19,160,503,352,13,262,202,234,476,12,2,272,26,4,555,13,46,21,226,168,10,522,157,3679,4,1,5,170,714,111
2011-06-26,179,422,381,9,249,195,219,410,10,2,269,24,4,542,11,51,20,228,160,10,503,172,2971,3,0,5,180,651,115
2011-07-03,190,356,362,11,223,181,188,409,9,2,295,21,4,578,12,60,24,215,156,9,494,157,3197,2,1,6,175,639,131
2011-07-10,189,356,357,11,191,175,163,354,10,2,280,21,4,600,11,71,22,217,150,8,492,151,3161,3,1,5,187,626,138
2011-07-17,165,381,363,10,185,159,158,332,10,2,282,21,3,594,11,65,19,204,139,8,480,155,3143,2,1,4,173,610,129
2011-07-24,146,391,345,10,231,150,164,243,12,2,286,20,3,612,10,68,15,187,118,7,464,144,3078,2,0,5,191,604,144
2011-07-31,144,442,335,9,209,151,165,323,15,2,298,18,3,581,10,76,20,183,129,7,467,170,2886,3,1,5,214,597,175
2011-08-07,140,397,291,7,223,159,162,180,20,2,297,20,3,494,10,65,20,186,137,7,481,189,3043,2,1,4,221,616,174
2011-08-14,134,332,311,7,244,171,142,231,17,2,263,25,3,510,12,62,23,186,154,7,473,176,3051,3,1,4,241,634,153
2011-08-21,152,291,301,8,259,173,128,211,13,2,256,29,3,492,13,82,25,198,181,7,472,193,2641,4,1,3,283,717,150
2011-08-28,147,302,320,9,271,171,124,238,10,2,316,27,3,543,14,69,29,206,157,6,483,229,2468,3,1,4,307,821,147
2011-09-04,145,273,318,12,253,165,112,372,8,2,352,27,4,638,15,57,48,194,182,7,487,319,2757,4,1,7,340,951,141
2011-09-11,116,261,327,17,252,158,113,476,5,4,396,36,4,657,16,45,35,182,162,8,499,415,2773,4,1,8,381,1127,122
2011-09-18,100,266,423,36,224,154,117,764,6,12,506,43,4,709,23,52,44,175,142,12,516,510,2588,5,1,10,435,1343,105
2011-09-25,95,296,549,40,202,145,132,1030,4,17,599,43,6,777,24,65,64,172,137,25,586,538,2724,11,2,17,426,1521,92
2011-10-02,88,246,564,45,193,132,188,1120,3,18,611,47,11,807,21,50,53,156,132,31,679,500,2526,14,2,14,405,1587,90
2011-10-09,81,274,644,55,192,123,271,1248,4,22,726,48,11,822,23,36,52,145,124,30,722,458,2359,13,2,15,410,1640,81
2011-10-16,89,285,750,62,204,136,335,1467,4,30,817,52,16,962,30,34,53,145,131,28,758,467,2108,19,3,21,458,1608,78
2011-10-23,91,266,674,82,206,136,343,1679,4,28,806,48,22,1020,33,25,52,138,129,27,675,450,2089,15,3,21,480,1638,77
2011-10-30,92,246,669,51,200,141,397,1926,3,25,753,43,24,1067,36,24,52,146,128,29,655,456,1933,14,3,26,475,1788,75
2011-11-06,85,235,712,59,191,141,441,1919,4,25,866,47,30,1093,44,20,72,151,128,28,647,428,2028,16,4,28,466,1797,73
2011-11-13,85,220,713,82,201,132,449,1950,4,39,909,53,37,1056,43,15,64,149,118,28,653,394,1790,16,4,33,469,1880,71
2011-11-20,77,202,806,88,186,133,430,1957,3,47,921,54,42,1036,49,17,77,145,118,27,649,414,1622,18,3,35,503,1785,66
2011-11-27,68,189,865,96,157,120,468,1920,4,53,929,66,48,1115,46,18,80,132,123,28,624,420,1695,19,4,37,491,2033,64
2011-12-04,62,188,782,109,150,114,460,2035,3,59,924,61,62,1184,43,12,70,129,114,29,627,368,1973,21,4,36,446,1981,60
2011-12-11,62,177,888,93,139,110,473,2269,3,62,933,63,88,1283,44,12,93,117,103,33,611,463,1956,22,4,38,394,2094,55
2011-12-18,56,207,829,80,122,101,444,2450,2,61,914,50,135,1359,37,15,66,107,87,32,600,422,1973,18,3,42,380,2370,54
2011-12-25,57,141,850,80,117,97,460,2988,3,71,920,47,169,1473,37,18,84,99,86,31,604,433,2034,45,5,48,380,2741,53
2012-01-01,58,156,819,68,105,100,497,2816,3,71,892,60,222,1362,35,14,136,97,97,31,630,474,2017,53,4,40,360,2860,52
2012-01-08,55,122,817,72,101,95,498,2327,2,49,815,60,336,1458,40,11,117,93,97,31,645,448,1627,57,4,50,346,2500,52
2012-01-15,56,100,808,90,114,89,539,2118,2,75,739,67,598,1517,42,10,122,92,92,34,627,453,1572,49,4,62,344,2411,54
2012-01-22,57,85,784,98,120,90,784,2056,2,86,767,75,1090,1579,40,10,183,85,90,31,629,419,1620,77,5,61,368,2475,53
2012-01-29,56,95,866,122,117,94,879,2032,2,120,862,75,1654,1496,44,10,210,83,93,32,726,471,1695,90,8,86,376,2507,52
2012-02-05,56,117,1075,231,119,95,645,2060,3,195,956,85,1821,1420,54,11,285,86,90,31,762,554,1801,155,11,106,396,2348,51
2012-02-12,54,153,1281,439,119,103,537,2248,2,320,1028,155,1579,1325,66,10,340,90,84,34,785,588,2056,206,17,159,381,2501,51
2012-02-19,57,174,1510,543,134,113,496,2583,2,498,1144,242,2341,1349,96,13,349,91,95,37,832,591,1872,181,23,203,445,2710,49
2012-02-26,63,216,1540,414,156,127,444,2589,2,454,1123,295,1351,1362,87,16,294,92,90,35,872,612,1884,87,34,204,493,2519,51
2012-03-04,64,251,1310,243,170,125,436,2698,2,190,1008,286,999,1383,62,18,202,101,92,35,862,528,1926,37,45,173,533,2586,52
2012-03-11,72,271,1138,162,191,135,476,2495,3,79,957,288,516,1317,47,17,181,114,99,39,950,614,2067,33,50,131,586,2556,54
2012-03-18,79,300,972,100,235,142,381,2202,5,41,840,167,368,1176,38,21,112,125,116,42,870,551,2039,26,20,100,517,2162,62
2012-03-25,92,333,814,69,244,149,324,1860,6,24,693,106,276,1084,29,17,79,144,127,38,743,562,2031,25,12,64,462,1936,65
2012-04-01,86,265,657,53,215,141,293,1742,6,19,574,74,197,982,26,20,56,157,124,32,658,512,2120,22,7,43,389,1801,77
2012-04-08,96,272,670,40,225,155,263,1757,8,17,586,60,191,921,26,21,62,166,138,29,591,516,2312,18,5,33,354,1799,78
2012-04-15,93,299,662,42,242,161,244,1583,8,14,579,49,176,877,25,22,48,169,161,25,539,448,2698,20,4,32,331,1785,77
2012-04-22,98,245,622,37,220,164,235,1354,8,9,527,44,121,844,22,21,38,172,159,24,521,467,2490,21,2,23,302,1729,75
2012-04-29,108,298,544,29,208,170,217,1358,8,6,434,42,61,816,21,23,37,179,150,22,506,504,2642,24,2,15,260,1625,80
2012-05-06,121,343,551,39,232,176,198,1172,9,4,435,31,33,790,20,27,49,181,140,19,488,455,2734,21,2,16,211,1651,86
2012-05-13,132,444,522,33,254,197,188,1057,11,4,440,32,19,824,17,28,37,192,145,16,471,452,2832,18,2,14,210,1624,99
2012-05-20,143,511,517,31,227,208,178,1013,16,5,407,32,14,813,16,37,50,200,158,15,479,467,3136,16,2,15,234,1537,107
2012-05-27,160,594,495,23,265,205,173,851,19,4,366,33,10,791,15,46,26,198,160,13,488,381,3382,15,1,15,240,1428,109
2012-06-03,184,666,470,19,250,183,183,879,29,3,365,29,7,792,16,47,30,208,146,12,503,360,3354,13,1,11,227,1329,118
2012-06-10,200,738,526,20,276,187,203,819,45,3,377,26,6,796,17,62,23,239,153,12,494,312,3775,14,1,14,203,1265,139
2012-06-17,191,989,467,17,228,192,203,799,72,4,381,29,6,773,19,61,28,259,150,11,486,270,3667,10,1,17,180,1136,156
2012-06-24,197,1156,491,21,235,196,169,722,76,3,398,30,7,730,21,81,22,287,148,12,481,240,3344,10,1,15,186,966,200
2012-07-01,171,1658,409,17,203,187,146,745,60,3,381,33,7,680,20,92,25,289,153,11,474,243,3710,10,1,14,186,911,186
2012-07-08,166,1977,418,14,207,179,133,764,43,4,372,30,8,750,19,129,20,307,157,11,486,215,3159,9,1,17,185,939,182
2012-07-15,152,1571,487,15,203,176,127,679,26,4,386,27,7,771,23,132,19,311,150,10,506,189,3191,9,1,16,187,897,165
2012-07-22,157,1395,443,12,186,176,117,619,15,3,347,28,9,773,18,136,17,283,140,9,533,220,3429,9,1,11,217,869,162
2012-07-29,148,1300,430,12,195,160,117,583,13,2,328,25,8,779,18,148,18,257,135,9,529,210,3611,10,1,13,223,869,141
2012-08-05,144,1383,426,13,178,157,111,653,13,2,330,24,6,756,14,130,19,246,134,8,517,214,3858,11,1,12,231,889,136
2012-08-12,147,1389,427,11,225,160,118,684,14,2,319,24,5,750,14,110,21,225,139,8,521,226,4232,12,1,15,257,977,129
2012-08-19,159,1270,433,10,232,166,133,726,12,2,301,25,5,749,14,105,25,215,142,7,527,280,3890,13,1,15,295,1095,121
2012-08-26,168,1191,455,10,245,158,140,819,13,3,358,25,6,858,18,101,32,226,144,7,534,333,3437,13,2,19,329,1199,132
2012-09-02,166,823,501,17,221,154,140,884,13,4,437,24,8,978,23,95,53,212,156,7,522,449,3032,12,4,29,399,1374,140
2012-09-09,175,644,517,26,267,160,140,1047,14,7,508,32,10,994,28,64,75,209,147,8,514,657,2940,14,3,36,512,1543,130
2012-09-16,164,495,684,43,202,150,149,1393,11,18,627,52,9,1053,35,65,60,189,147,13,538,770,2728,18,3,39,568,1737,120
2012-09-23,161,361,830,66,175,151,188,1699,11,36,718,57,10,1012,44,57,73,166,141,28,571,773,2701,21,3,38,519,1895,111
2012-09-30,147,320,895,77,193,150,238,1789,7,49,743,48,12,1085,44,42,73,157,133,40,622,719,2568,34,2,46,463,2018,111
2012-10-07,141,301,926,70,183,134,242,1861,8,43,914,43,15,1112,43,40,57,153,134,39,649,676,2512,43,3,39,472,2325,108
2012-10-14,132,267,916,59,204,152,268,1946,11,40,923,38,20,1135,41,35,64,157,129,35,690,676,2381,35,3,39,453,2391,101
2012-10-21,122,221,909,51,177,138,315,1909,8,38,864,40,27,1180,34,30,47,149,136,30,674,599,2138,23,3,40,454,2369,91
2012-10-28,118,227,812,49,177,128,327,2013,7,43,815,36,39,1250,34,24,43,141,128,31,642,628,2211,25,2,45,429,2349,86
2012-11-04,102,198,855,59,172,126,381,2091,8,39,870,36,51,1371,36,20,53,132,130,33,659,680,2284,24,3,37,429,2492,86
2012-11-11,105,205,850,70,177,126,399,2247,7,44,860,48,59,1434,37,21,58,141,126,34,641,701,2072,26,3,42,454,2913,83
2012-11-18,98,169,817,79,178,129,456,2401,5,44,850,41,70,1469,41,25,61,153,127,34,625,669,2018,21,4,50,459,3040,74
2012-11-25,93,154,811,80,172,127,415,2719,6,54,836,46,88,1497,44,21,64,151,125,34,616,724,1944,26,5,35,469,3641,69
2012-12-02,84,144,831,94,162,118,379,3262,5,79,872,43,98,1570,45,19,103,141,120,36,608,765,1996,29,6,49,460,4427,66
2012-12-09,79,137,970,129,137,111,356,4003,4,117,936,52,146,1627,58,15,187,134,108,49,591,786,1848,32,6,56,460,5132,64
2012-12-16,76,146,1014,143,126,106,313,4934,4,184,1042,53,218,1875,81,14,68,120,95,94,592,807,1877,29,7,95,440,6359,60
2012-12-23,75,158,976,207,116,106,335,6425,4,292,1157,60,340,2050,122,12,49,119,97,151,618,802,2083,54,10,186,452,7904,57
2012-12-30,77,155,1118,270,120,108,423,7496,3,387,1187,70,479,1829,134,17,106,127,102,202,651,953,1976,78,20,209,439,8618,60
2013-01-06,70,156,1175,372,119,109,389,7698,3,277,1015,70,1342,1576,126,13,270,134,108,330,662,869,1813,80,17,280,471,10112,63
2013-01-13,72,152,1286,374,119,106,438,6803,2,349,1033,104,2182,1591,127,12,470,136,105,413,651,827,1796,81,25,392,520,10555,66
2013-01-20,71,122,1598,802,111,107,498,4778,2,703,1332,128,3872,1669,233,10,321,140,98,268,696,924,1854,99,28,598,537,9408,65
2013-01-27,69,131,2063,1499,110,112,559,3939,2,1278,1641,169,5273,1866,270,12,267,147,88,168,778,1239,1758,169,71,719,543,7209,61
2013-02-03,78,144,2141,1387,106,116,678,3230,2,1324,1876,220,3057,1754,174,10,224,145,103,112,821,1458,1854,183,73,687,555,5541,56
2013-02-10,77,144,2297,1064,103,131,776,2768,2,1099,2063,336,1659,1636,172,13,199,135,96,78,880,1453,2037,266,67,669,552,4555,56
2013-02-17,75,181,2408,753,124,141,732,2597,3,894,2023,417,1381,1588,141,17,194,129,103,69,968,1668,1983,258,42,537,595,4240,55
2013-02-24,78,188,2060,494,148,139,702,2306,3,443,1752,365,1122,1540,107,19,147,133,98,70,971,1757,1913,157,30,400,637,3784,55
2013-03-03,76,210,1641,348,167,137,647,2068,4,193,1461,254,764,1605,80,21,149,143,100,59,948,1389,2024,168,27,262,670,3504,56
2013-03-10,84,231,1341,210,187,149,656,1901,5,73,1237,166,503,1529,60,21,157,167,107,63,928,1209,2184,80,19,167,679,3242,59
2013-03-17,107,275,1191,147,214,165,549,1833,7,44,1104,103,429,1312,56,18,119,188,121,62,858,998,2341,66,15,133,619,2894,65
2013-03-24,113,236,1026,124,195,167,425,1642,7,32,950,89,280,1211,48,18,105,196,131,65,795,873,2242,46,16,89,576,2673,84
2013-03-31,94,277,1034,102,247,185,348,1754,8,32,916,90,205,1067,47,21,65,203,136,64,765,733,2173,32,13,84,507,2482,88
2013-04-07,103,286,916,78,242,195,334,1603,13,24,800,62,144,1054,43,27,50,219,148,51,719,644,2418,27,10,54,462,2121,78
2013-04-14,106,293,774,48,250,218,332,1458,12,14,632,54,159,992,31,25,53,224,153,36,669,574,2381,22,5,30,427,1747,75
2013-04-21,105,272,726,37,211,225,270,1379,11,11,577,46,169,988,24,23,51,235,149,28,627,537,2675,21,4,26,419,1681,71
2013-04-28,95,305,598,38,195,219,230,1265,12,8,556,39,157,991,21,23,45,229,151,24,595,471,2683,18,3,23,359,1534,74
2013-05-05,109,379,587,39,215,218,213,1133,14,8,492,33,122,966,19,22,47,229,142,19,569,440,3120,22,3,23,291,1438,88
2013-05-12,128,393,638,45,221,214,203,1046,18,7,518,32,71,919,17,32,47,220,148,17,546,376,3307,14,2,31,230,1286,94
2013-05-19,156,443,607,39,219,215,184,1002,22,9,477,29,44,858,16,32,44,263,140,15,525,331,3166,17,2,27,209,1165,113
2013-05-26,180,475,588,35,166,203,163,986,22,8,468,34,25,820,19,42,36,258,144,14,514,323,3439,16,2,27,222,1149,138
2013-06-02,207,506,638,26,207,210,150,872,32,7,451,40,15,818,20,48,26,283,143,13,514,310,3563,14,2,29,232,1063,133
2013-06-09,218,513,636,26,198,210,156,835,43,6,413,34,10,803,23,52,19,330,140,13,529,307,3891,11,2,20,210,1024,149
2013-06-16,221,507,525,19,182,212,161,831,53,4,353,34,7,798,19,46,22,315,146,12,526,282,4204,9,1,21,220,997,150
2013-06-23,238,505,549,17,178,212,140,821,61,4,375,30,6,825,20,63,24,368,152,13,509,278,4008,9,1,17,203,966,159
2013-06-30,232,492,567,15,173,205,130,839,101,3,375,26,6,858,20,71,23,381,145,13,507,238,3470,8,1,24,217,925,147
2013-07-07,216,508,546,12,188,200,131,715,148,2,351,27,5,837,18,73,18,361,149,12,502,215,3222,8,1,21,229,941,143
2013-07-14,191,528,490,10,166,199,135,710,118,2,313,32,5,838,18,76,19,319,146,12,506,225,2983,8,1,26,254,907,130
2013-07-21,187,575,481,8,157,192,140,690,66,1,264,29,4,835,15,76,21,334,146,12,505,240,2933,7,1,23,278,956,129
2013-07-28,173,684,433,8,175,195,130,635,40,1,255,26,4,848,16,93,21,273,132,12,502,243,3252,7,1,19,272,850,137
2013-08-04,164,764,452,9,169,197,133,707,35,2,264,28,3,852,15,91,24,260,144,12,513,260,3433,9,1,27,286,869,145
2013-08-11,170,788,453,10,195,202,147,698,41,2,301,29,3,835,17,94,30,244,147,12,538,297,3783,12,1,21,303,907,148
2013-08-18,180,914,517,12,227,207,160,627,37,2,324,34,3,837,19,86,47,257,152,12,545,305,3586,11,2,25,324,952,146
2013-08-25,186,932,538,15,206,204,167,660,28,3,387,29,3,898,22,103,77,261,143,11,540,347,3231,11,2,27,381,977,141
2013-09-01,178,719,596,14,188,193,161,780,21,3,441,33,4,1040,25,123,87,241,160,11,532,426,3265,9,3,33,484,1085,143
2013-09-08,147,661,654,27,218,182,158,1016,17,6,515,41,5,1119,28,110,96,249,148,12,539,591,3390,10,2,35,579,1154,113
2013-09-15,125,542,805,60,203,169,160,1328,15,19,669,54,6,1157,36,91,93,227,149,22,557,764,3454,18,2,46,607,1259,102
2013-09-22,130,438,1000,80,219,156,214,1598,18,32,799,59,8,1186,39,91,88,240,143,41,590,758,3095,29,3,40,596,1350,101
2013-09-29,136,371,1060,80,195,147,262,1546,15,27,862,65,10,1234,39,73,58,263,137,45,630,712,2964,25,3,44,567,1363,95
2013-10-06,128,317,1090,60,183,152,332,1585,16,30,914,53,11,1277,32,54,39,271,135,40,687,653,2756,28,3,41,525,1405,94
2013-10-13,113,288,1015,66,198,151,365,1632,14,31,888,52,13,1266,31,44,36,269,137,35,695,614,2529,35,3,41,444,1354,95
2013-10-20,106,269,927,60,216,149,363,1849,15,20,783,49,19,1312,32,39,49,242,135,30,674,546,2356,29,4,35,429,1445,90
2013-10-27,98,270,813,50,196,146,413,1968,12,19,688,46,36,1279,30,35,52,210,126,26,662,498,2362,28,2,32,397,1460,91
2013-11-03,99,261,876,67,178,143,443,2031,12,21,737,43,48,1389,35,31,43,214,125,25,646,523,2454,27,4,40,383,1560,89
2013-11-10,98,235,871,70,150,143,401,2130,9,25,736,54,67,1372,35,30,55,205,135,24,624,474,2365,23,4,40,373,1628,84
2013-11-17,93,205,919,107,164,141,411,2137,7,35,772,60,81,1368,42,23,53,208,123,26,628,477,2130,25,4,43,397,1661,73
2013-11-24,88,198,920,121,153,125,371,2154,6,45,784,61,106,1376,43,21,54,202,125,27,677,502,1929,27,4,52,417,1708,71
2013-12-01,81,185,922,115,143,116,367,2354,6,55,773,52,142,1486,41,20,55,167,121,29,670,557,1973,32,4,45,435,2043,74
2013-12-08,75,171,1090,124,129,114,443,2897,7,68,827,69,167,1633,45,18,73,164,115,27,692,591,2001,38,5,54,426,2238,73
2013-12-15,69,149,1074,102,109,114,477,3745,5,80,820,59,214,1851,41,18,96,176,102,28,702,601,2226,44,5,57,442,3196,71
2013-12-22,67,135,1003,90,96,112,618,4946,4,107,744,67,299,1992,34,16,83,178,105,32,719,611,2280,111,5,71,490,4625,67
2013-12-29,69,148,1074,107,101,107,790,5706,4,114,827,69,357,1914,40,20,113,170,102,38,754,596,2422,265,5,72,475,5008,62
2014-01-05,70,154,1095,124,123,110,999,5766,3,78,798,60,469,1734,34,19,123,159,105,33,758,606,2136,294,5,84,427,4691,61
2014-01-12,76,125,1042,86,132,100,1516,5838,3,70,717,76,791,1786,35,19,95,166,92,28,714,539,2013,349,6,87,402,4486,59
2014-01-19,72,120,1128,105,127,98,2008,4830,3,119,808,87,1444,1995,41,13,134,159,90,32,708,592,1846,387,7,122,395,4022,59
2014-01-26,80,116,1242,154,124,105,1407,4049,3,178,916,106,3598,2087,43,10,145,149,87,41,687,726,1863,363,12,171,456,3472,56
2014-02-02,76,113,1401,230,130,105,1206,3729,2,286,1077,124,3099,1956,52,12,198,145,93,51,732,792,2199,204,15,257,535,2910,60
2014-02-09,70,132,1523,388,143,113,1005,3438,3,371,1149,218,2246,1773,48,16,228,130,91,54,740,802,2416,107,18,251,610,2496,58
2014-02-16,71,145,1528,527,150,123,889,2999,3,341,1187,293,3117,1764,44,16,134,132,95,54,791,881,2615,78,19,257,583,2228,60
2014-02-23,78,182,1565,411,152,133,643,2861,2,191,1108,305,3311,1615,46,17,131,140,94,62,856,993,2434,54,12,196,564,1986,60
2014-03-02,82,215,1491,256,154,139,505,2637,3,95,1138,299,2394,1595,42,25,113,150,103,84,913,1002,2319,53,9,188,585,1873,64
2014-03-09,91,242,1473,196,203,149,563,2461,4,54,1018,187,1634,1533,38,21,82,190,109,80,942,990,2611,44,9,141,574,1773,77
2014-03-16,104,268,1317,153,190,149,539,2328,6,36,910,138,1267,1418,34,24,96,216,113,75,966,767,2822,36,8,98,481,1738,83
2014-03-23,118,300,1183,150,204,162,404,2241,8,25,824,96,873,1302,34,28,85,214,126,52,910,761,2852,33,6,90,420,1750,95
2014-03-30,107,292,1123,123,217,166,370,2144,11,20,768,76,379,1243,34,31,82,224,135,41,823,701,2970,34,5,59,404,1778,98
2014-04-06,101,289,950,88,208,182,376,2120,14,17,714,59,239,1243,30,30,72,221,142,32,722,643,3022,26,6,48,369,1771,84
2014-04-13,110,271,822,55,190,185,312,1957,13,14,614,64,228,1218,30,25,45,203,134,26,650,637,2774,28,4,31,358,1607,78
2014-04-20,125,308,846,41,231,210,298,1959,16,11,555,55,195,1108,35,28,58,213,142,23,640,640,3123,23,5,35,347,1530,90
2014-04-27,123,390,736,33,236,227,326,1699,12,10,472,42,128,1003,23,38,43,222,136,20,613,687,2883,21,3,27,337,1467,103
2014-05-04,138,410,762,34,256,235,378,1571,14,7,490,43,73,963,21,35,61,272,138,17,604,588,2792,20,3,29,300,1415,100
2014-05-11,142,485,755,40,227,245,295,1481,14,6,491,41,47,1005,21,45,64,291,143,17,602,448,3088,18,3,27,249,1339,103
2014-05-18,164,492,806,38,223,238,271,1448,14,5,477,42,32,1082,19,53,69,313,144,17,616,404,3223,18,3,29,222,1289,116
2014-05-25,171,520,715,30,234,227,256,1218,15,6,425,41,18,1057,15,66,48,356,141,15,601,358,3338,18,2,23,197,1318,115
2014-06-01,184,515,793,28,200,226,250,1101,19,5,468,40,14,1091,17,81,43,351,140,16,562,312,3492,17,2,22,202,1155,118
2014-06-08,190,599,632,21,214,212,226,1013,28,3,382,43,12,977,15,79,34,352,137,15,538,291,3587,12,2,20,202,1071,131
2014-06-15,228,719,594,19,194,212,211,953,52,3,378,35,9,934,17,84,37,351,134,15,532,281,4010,8,2,18,206,1054,130
2014-06-22,239,714,562,14,215,209,210,916,92,2,416,32,7,904,16,114,33,324,142,14,523,274,4634,10,2,17,212,995,114
2014-06-29,274,729,569,18,211,197,208,901,145,2,420,33,7,906,17,132,33,353,143,13,532,280,4283,11,2,24,209,990,131
2014-07-06,251,927,577,18,44,182,199,772,154,3,415,30,6,947,16,174,26,378,141,12,517,279,4472,9,2,26,187,964,146
2014-07-13,245,1078,591,16,44,178,189,822,108,3,398,27,6,953,14,157,18,415,134,11,528,257,4200,9,1,26,177,1028,147
2014-07-20,227,1259,540,15,42,179,174,743,53,2,377,26,6,956,13,171,19,398,143,10,522,249,3603,9,2,21,195,1008,137
2014-07-27,202,1559,509,14,94,181,165,754,26,2,341,24,6,879,15,166,20,364,135,10,527,239,3763,5,2,21,205,793,141
2014-08-03,180,1841,501,13,213,196,164,757,20,2,330,24,6,871,16,202,22,352,141,9,515,254,4253,5,1,25,208,825,146
2014-08-10,198,2387,491,14,203,203,172,830,17,3,345,28,5,829,16,176,25,311,141,8,515,264,4365,4,2,32,222,762,173
2014-08-17,209,2338,568,21,222,217,175,791,16,4,415,32,5,820,19,159,36,368,148,8,546,281,4309,5,2,32,249,808,204
2014-08-24,183,2071,603,21,244,219,188,858,17,3,444,35,6,908,25,159,60,375,142,8,569,298,3902,5,4,41,290,827,174
2014-08-31,165,1611,659,29,197,196,202,915,15,3,515,32,6,982,28,139,78,325,141,8,566,424,3681,4,4,46,370,948,166
2014-09-07,154,1370,775,45,223,193,215,1208,15,5,587,40,7,1104,31,115,77,322,145,9,567,604,3786,4,4,49,441,1096,137
2014-09-14,155,981,984,52,186,188,237,1648,16,10,643,64,9,1205,34,95,65,284,143,13,582,823,3567,5,3,48,547,1229,131
2014-09-21,152,741,1064,48,202,178,310,1750,15,17,746,70,10,1165,32,79,71,251,141,24,606,873,3042,10,3,48,571,1164,125
2014-09-28,141,511,1064,61,199,165,384,1809,12,20,792,60,12,1158,27,63,90,253,135,32,696,836,2832,12,4,45,544,1192,124
2014-10-05,127,415,1123,78,193,168,585,2004,12,26,910,58,14,1241,29,55,117,237,118,37,733,791,2999,18,4,46,547,1291,108
2014-10-12,130,346,1066,88,210,170,598,2243,11,26,921,58,18,1316,31,52,97,243,137,36,748,713,2878,37,4,53,523,1352,110
2014-10-19,124,318,1062,92,190,170,534,2269,9,25,939,58,24,1330,27,38,113,258,129,34,724,656,2639,30,4,62,506,1349,112
2014-10-26,110,311,1018,77,205,159,506,2271,7,23,941,63,34,1423,29,41,105,236,127,35,722,625,2325,20,4,52,477,1224,93
2014-11-02,107,275,1101,103,176,153,556,2554,7,25,991,58,47,1524,30,35,81,234,133,35,722,648,2351,15,5,78,474,1374,81
2014-11-09,105,233,1165,85,146,148,569,2505,7,24,972,62,67,1501,32,28,70,236,134,33,662,618,2321,16,4,77,421,1379,86
2014-11-16,101,197,1205,112,167,156,495,2548,5,32,949,61,111,1598,34,29,70,268,125,30,617,617,2346,20,4,84,430,1549,90
2014-11-23,99,165,1246,123,170,137,502,2578,5,38,956,65,186,1611,34,22,64,227,129,31,622,647,2174,24,5,76,443,1784,83
2014-11-30,92,188,1222,156,145,138,408,2892,6,58,993,66,338,1678,40,20,63,208,124,34,660,678,2043,40,5,85,469,2287,75
2014-12-07,88,179,1360,189,131,136,503,3725,6,78,1069,67,570,1848,57,19,72,202,113,35,685,789,2095,56,6,92,455,3046,73
2014-12-14,80,164,1436,175,113,133,470,4856,4,113,1093,81,1180,2109,78,23,89,186,101,35,658,753,1952,59,6,96,424,5234,75
2014-12-21,79,191,1450,214,109,128,525,6266,4,173,1066,87,2522,2380,82,23,93,166,94,35,693,833,2123,104,4,100,436,6911,75
2014-12-28,85,204,1602,254,109,127,650,7362,6,250,1161,83,2932,2317,90,21,145,149,112,37,707,922,2211,219,7,158,455,6220,75
2015-01-04,81,186,1717,295,124,128,592,6428,5,164,1117,108,4290,1943,102,22,160,140,105,38,701,937,2132,353,6,220,450,4647,71
2015-01-11,69,158,1686,308,130,114,762,5076,4,191,1029,164,5249,1890,98,15,178,144,99,35,774,785,2067,493,7,303,401,4303,70
2015-01-18,78,155,2035,723,144,110,1140,4599,3,470,1179,347,5584,1999,119,12,203,153,89,41,910,737,2120,703,8,452,419,4580,71
2015-01-25,75,147,2465,1459,141,108,1073,4112,3,1374,1517,538,3585,2048,146,11,237,159,94,70,985,936,2358,1020,12,684,486,3998,77
2015-02-01,77,152,2873,2776,133,112,992,3844,4,2333,1853,830,2083,1981,158,14,353,165,87,92,1003,1219,2470,597,17,822,559,3498,82
2015-02-08,78,169,2972,2120,135,124,720,3498,3,2509,2332,1121,1345,1869,193,16,503,157,89,140,1023,1676,2483,486,28,812,651,3445,80
2015-02-15,80,207,2867,1258,136,143,1019,3402,3,2191,2557,960,511,1833,138,19,459,166,90,221,1147,1999,2466,405,30,719,747,2956,79
2015-02-22,78,259,2645,606,157,157,1121,3144,3,943,2344,600,290,1730,103,22,443,228,102,275,1248,1720,2520,198,33,603,792,2671,80
2015-03-01,80,298,2179,314,168,168,998,2971,3,247,1746,308,192,1686,72,23,466,231,107,206,1121,1300,2492,127,30,430,728,2420,76
2015-03-08,86,276,1902,221,196,181,806,2744,4,102,1448,174,151,1768,59,22,287,265,107,200,1072,1110,2491,80,23,285,620,2467,74
2015-03-15,96,329,1618,176,222,197,757,2507,5,58,1085,133,152,1551,48,19,64,279,114,123,989,840,2626,59,19,207,517,2123,88
2015-03-22,108,389,1459,165,213,214,731,2350,7,43,931,111,113,1427,44,14,26,288,113,84,902,785,2483,46,26,137,470,2015,99
2015-03-29,116,310,1094,122,211,215,667,2073,8,30,796,78,93,1373,38,15,29,246,119,61,809,680,2349,45,21,106,407,1901,104
2015-04-05,120,404,1101,111,231,230,589,2029,8,26,774,74,72,1317,37,15,56,289,138,55,721,625,2677,31,15,96,390,1651,116
2015-04-12,119,449,929,68,218,245,543,1782,11,15,661,57,73,1189,31,16,44,280,137,45,709,592,2789,27,10,61,366,1560,107
2015-04-19,128,432,831,46,223,241,456,1664,12,9,579,56,77,1122,25,15,38,261,148,35,681,551,2859,18,7,44,337,1195,104
2015-04-26,136,424,710,42,237,250,388,1568,13,7,542,47,55,1098,25,16,33,323,138,28,643,513,2959,25,4,32,318,1353,117
2015-05-03,158,492,727,44,276,263,353,1353,14,6,523,34,35,1115,22,15,53,344,148,23,615,473,3463,20,5,29,299,1388,112
2015-05-10,168,610,642,36,234,278,290,1333,14,5,467,31,24,1084,16,16,31,329,138,20,608,457,3704,18,4,28,283,1144,132
2015-05-17,176,645,648,38,248,299,247,1173,13,6,501,30,19,1095,17,17,51,384,150,19,598,364,3955,14,3,25,270,1164,133
2015-05-24,183,674,714,29,230,287,263,1067,12,6,456,29,17,1071,16,19,46,334,148,17,589,322,4074,14,2,32,246,1211,134
2015-05-31,202,760,649,21,223,263,294,977,15,5,438,29,14,1062,17,19,38,403,150,16,590,307,4376,12,2,28,235,1143,136
2015-06-07,235,767,641,22,225,262,285,976,16,5,434,26,13,1011,17,22,30,461,160,15,578,289,4919,10,1,24,209,1150,149
2015-06-14,247,757,641,17,230,249,247,912,15,4,414,26,13,1018,16,29,30,513,148,14,552,279,4964,8,1,22,208,786,191
2015-06-21,254,913,648,17,230,242,204,925,17,2,424,25,15,1061,16,35,32,566,159,13,533,240,4461,8,2,23,206,820,208
2015-06-28,237,923,619,9,230,238,175,922,23,1,366,22,13,1037,13,43,28,535,157,11,526,223,3814,7,2,27,205,1073,223
2015-07-05,239,1211,538,10,195,231,165,851,25,1,345,23,13,1075,14,57,31,457,146,11,522,227,3394,6,2,32,182,1024,224
2015-07-12,240,1135,568,11,218,231,147,832,29,1,349,22,12,1057,16,55,31,398,138,11,508,227,2963,6,1,24,199,770,215
2015-07-19,252,1274,506,10,223,213,138,722,29,1,332,25,10,1046,13,43,25,374,131,10,508,247,2751,7,1,24,210,767,220
2015-07-26,235,1411,519,13,217,206,136,703,28,2,337,25,10,992,13,44,28,372,127,9,502,263,2967,7,2,19,200,666,225
2015-08-02,211,1823,506,11,209,203,134,730,33,1,298,22,8,954,12,55,29,337,121,9,504,257,3348,6,2,19,244,735,215
2015-08-09,199,2216,494,13,200,201,137,739,49,2,279,23,8,934,12,52,32,313,123,9,508,267,3446,7,2,21,247,671,183